20.967,-67.649,-41.714
21.968,-67.731,-41.668
22.168,-67.62,-41.821
22.368,-67.706,-41.698
22.568,-67.712,-41.746
22.768,-67.623,-41.779
22.969,-67.708,-41.735
23.169,-67.716,-41.764
23.369,-67.703,-41.711
23.569,-67.753,-41.746
23.769,-67.763,-41.712
23.97,-67.85,-41.629
24.17,-67.742,-41.818
24.37,-67.739,-41.67
24.57,-67.868,-41.657
24.77,-67.706,-41.795
24.971,-67.728,-41.65
25.171,-67.734,-41.657
25.371,-67.543,-41.616
25.571,-67.52,-41.478
25.771,-67.406,-41.395
25.972,-67.219,-41.205
26.172,-66.999,-41.222
26.372,-66.775,-40.947
26.572,-66.69,-40.698
26.772,-66.334,-40.681
26.973,-66.058,-40.342
27.173,-65.876,-40.122
27.373,-65.423,-40.015
27.573,-65.161,-39.615
27.773,-64.845,-39.41
27.974,-64.43,-39.104
28.174,-64.086,-38.818
28.374,-63.671,-38.53
28.574,-63.243,-38.192
28.774,-62.771,-37.966
28.975,-62.321,-37.484
29.175,-61.965,-37.152
29.375,-61.377,-36.899
29.575,-60.899,-36.425
29.775,-60.468,-36.051
29.976,-59.846,-35.748
30.176,-59.41,-35.233
30.376,-57.807,-34.265
30.576,-57.252,-33.868
30.776,-56.766,-33.442
30.977,-56.24,-32.975
31.177,-55.785,-32.455
31.377,-55.121,-32.13
31.577,-54.64,-31.673
31.777,-54.395,-31.186
31.978,-53.798,-30.952
32.178,-53.463,-30.461
32.378,-52.094,-30.092
32.578,-51.544,-29.828
32.778,-51.274,-29.487
32.979,-50.876,-29.169
33.179,-50.676,-28.937
33.379,-50.425,-28.651
33.579,-50.146,-28.398
33.779,-49.94,-28.225
33.98,-49.644,-28.07
34.18,-49.501,-27.823
34.38,-49.472,-27.671
34.58,-49.251,-27.649
34.78,-49.143,-27.518
34.981,-48.94,-27.468
35.181,-48.83,-27.391
35.381,-48.869,-27.284
35.581,-48.796,-27.249
35.781,-48.795,-27.221
35.982,-47.66,-27.317
36.983,-49.288,-27.444
37.183,-49.294,-27.57
37.383,-49.336,-27.478
37.583,-49.331,-27.474
37.783,-49.335,-27.467
37.984,-49.356,-27.489
38.184,-49.256,-27.43
38.384,-49.33,-27.437
38.584,-49.267,-27.553
38.784,-49.284,-27.426
38.986,-49.412,-27.389
39.186,-49.279,-27.542
39.386,-49.341,-27.426
39.586,-49.393,-27.474
39.786,-49.333,-27.457
39.987,-49.385,-27.45
40.187,-49.364,-27.441
40.387,-49.376,-27.433
40.587,-49.435,-27.454
40.787,-49.367,-27.43
40.988,-49.447,-27.426
41.188,-49.376,-27.535
41.388,-49.396,-27.409
41.588,-49.52,-27.387
41.788,-49.356,-27.537
41.989,-49.399,-27.406
42.189,-49.419,-27.474
42.389,-49.41,-27.465
42.589,-49.429,-27.443
42.789,-49.412,-27.459
42.99,-49.446,-27.454
43.19,-49.447,-27.489
43.39,-49.395,-27.43
43.59,-49.453,-27.476
43.79,-49.368,-27.535
43.991,-49.356,-27.306
44.191,-49.384,-27.258
44.391,-49.166,-27.365
44.591,-49.14,-27.123
44.791,-49.096,-27.013
44.992,-48.867,-26.85
45.192,-48.71,-26.642
45.392,-48.573,-26.415
45.592,-48.315,-26.153
45.792,-48.086,-25.924
45.993,-49.188,-22.893
46.393,-47.307,-23.491
46.593,-46.889,-23.006
46.793,-46.737,-22.545
46.994,-46.28,-22.155
47.194,-45.906,-21.685
47.394,-45.56,-21.226
47.594,-45.163,-20.798
49.396,-39.1,-17.796
49.596,-38.286,-17.532
49.796,-37.506,-17.235
49.997,-36.855,-16.981
50.197,-36.234,-16.691
50.397,-35.375,-16.569
50.597,-34.688,-16.477
50.797,-33.988,-16.407
50.998,-33.118,-16.457
51.198,-32.683,-16.272
51.398,-31.9,-16.342
51.598,-31.06,-16.477
51.798,-30.534,-16.366
51.999,-29.729,-16.606
52.199,-29.04,-16.68
52.399,-28.353,-16.783
52.599,-27.609,-16.988
52.799,-27.158,-17.156
53,-26.33,-17.409
53.2,-25.648,-17.601
53.4,-25.045,-17.855
53.6,-24.251,-18.191
53.8,-23.857,-18.268
54.001,-23.242,-18.516
54.201,-22.38,-18.897
54.401,-21.934,-19.041
54.601,-21.344,-19.394
54.801,-20.741,-19.626
55.002,-20.187,-19.833
55.202,-19.584,-20.137
55.402,-19.225,-20.368
55.602,-18.425,-20.705
55.802,-17.905,-20.906
56.003,-17.421,-21.207
56.203,-16.751,-21.44
56.403,-16.328,-21.508
56.603,-15.921,-21.676
56.803,-15.059,-21.999
63.011,-21.603,-31.913
63.211,-22.258,-32.029
63.411,-22.754,-32.475
63.611,-23.442,-32.516
69.817,-43.955,-37.7
70.018,-44.271,-37.923
70.218,-44.711,-38.22
70.418,-45.263,-38.381
70.618,-45.577,-38.768
70.818,-46.152,-39
71.019,-46.636,-39.334
71.219,-46.929,-39.65
71.419,-47.628,-39.781
71.619,-47.83,-40.176
71.819,-48.134,-40.604
72.02,-48.732,-40.735
72.22,-48.921,-41.135
72.42,-49.372,-41.524
72.62,-49.709,-41.875
72.82,-49.854,-42.174
73.021,-50.27,-42.53
73.221,-50.29,-42.974
79.028,-54.732,-52.818
79.228,-55.068,-53.04
79.428,-55.213,-53.372
79.628,-55.324,-53.639
79.828,-55.537,-53.949
80.029,-55.636,-54.255
80.229,-55.986,-54.458
80.429,-56.027,-54.866
80.629,-56.433,-55.065
80.829,-56.826,-55.327
81.03,-56.789,-55.709
81.23,-57.296,-55.822
81.43,-57.427,-56.381
81.63,-57.674,-56.517
81.83,-58.158,-56.709
82.031,-58.235,-57.019
82.231,-58.459,-57.259
82.431,-58.807,-57.582
82.631,-59.018,-57.86
82.831,-59.345,-58.011
83.032,-59.455,-58.463
83.232,-59.826,-58.521
83.432,-60.13,-58.742
83.632,-60.216,-59.175
83.832,-61.678,-59.286
84.033,-61.932,-59.631
84.233,-62.085,-59.829
84.433,-62.389,-60.02
84.633,-62.666,-60.258
84.833,-62.782,-60.544
85.034,-63.093,-60.779
85.234,-63.301,-61.011
85.434,-63.579,-61.177
85.634,-63.725,-61.408
85.834,-64.111,-61.415
86.035,-64.387,-61.697
86.235,-64.498,-61.934
86.435,-64.792,-62.135
86.635,-64.905,-62.385
86.835,-65.061,-62.695
87.036,-65.386,-62.915
87.236,-65.522,-63.12
87.436,-65.711,-63.384
87.636,-65.819,-63.767
87.836,-66.052,-63.878
88.037,-66.296,-64.044
88.237,-66.286,-64.385
88.437,-66.652,-64.422
88.637,-66.817,-64.73
88.837,-66.76,-64.985
89.038,-68.531,-65.88
89.238,-68.727,-66.23
89.438,-68.812,-66.368
89.638,-68.966,-66.551
89.838,-69.103,-66.806
90.039,-69.22,-66.855
90.239,-69.481,-67.193
90.439,-69.613,-67.228
90.639,-69.689,-67.307
90.839,-69.906,-67.73
91.04,-69.962,-67.673
91.24,-70.193,-68.068
91.44,-70.258,-68.263
91.64,-70.389,-68.285
91.84,-70.589,-68.66
92.041,-70.691,-68.793
92.241,-70.762,-68.97
92.441,-70.852,-69.208
92.641,-70.99,-69.276
92.841,-71.111,-69.601
93.042,-71.194,-69.606
93.242,-71.311,-69.789
93.442,-71.417,-69.955
93.642,-71.487,-69.923
93.842,-71.684,-70.209
94.043,-71.809,-70.383
94.243,-71.948,-70.265
94.443,-72.003,-70.525
94.643,-72.171,-70.602
94.843,-71.413,-70.302
95.044,-71.424,-70.226
95.244,-71.821,-70.355
95.444,-71.869,-70.551
95.644,-72.003,-70.488
95.844,-72.159,-70.706
96.045,-71.965,-70.872
96.245,-72.202,-70.785
96.445,-72.11,-70.931
96.645,-72.179,-70.877
96.845,-72.449,-70.923
97.046,-72.436,-70.964
97.246,-72.629,-70.951
97.446,-72.888,-71.058
97.646,-73.092,-70.931
97.846,-73.522,-70.853
98.048,-73.5,-70.868
98.248,-73.943,-70.665
98.448,-74.25,-70.549
98.648,-74.418,-70.584
98.848,-75.033,-70.23
99.049,-75.272,-70.123
99.249,-75.671,-69.794
99.449,-76.206,-69.425
99.649,-76.448,-69.132
99.849,-76.963,-68.68
100.05,-77.125,-68.372
100.25,-77.461,-67.813
100.45,-77.862,-67.355
100.65,-77.89,-67.003
100.85,-78.328,-66.391
101.05,-78.448,-65.959
101.25,-78.534,-65.472
101.45,-78.961,-64.869
101.65,-79.655,-64.439
101.85,-79.783,-63.88
102.05,-79.305,-63.358
102.25,-79.448,-62.909
102.45,-79.613,-62.417
102.65,-79.744,-61.956
102.85,-80.105,-61.351
103.05,-80.326,-60.941
141.09,-54.853,-30.553
141.29,-54.409,-29.913
141.49,-53.77,-29.394
141.69,-53.433,-28.968
141.89,-52.847,-28.588
142.09,-52.373,-28.171
142.29,-51.684,-27.813
142.49,-51.179,-27.341
142.69,-50.91,-26.882
142.89,-50.192,-26.391
143.09,-49.541,-25.902
143.29,-49.108,-25.31
143.5,-48.471,-24.714
143.69,-47.955,-24.27
143.9,-47.498,-23.659
144.1,-46.723,-23.214
144.3,-46.254,-22.676
144.5,-45.466,-22.194
144.7,-45.035,-21.591
144.9,-44.486,-21.093
145.1,-43.773,-20.77
145.3,-43.442,-20.189
145.5,-42.743,-19.739
145.7,-41.957,-19.268
145.9,-41.518,-18.873
146.1,-40.764,-18.436
146.3,-40.213,-18.014
146.5,-39.523,-17.73
146.7,-38.789,-17.366
146.9,-38.143,-17.077
147.1,-37.383,-16.826
147.3,-36.657,-16.566
147.5,-35.892,-16.501
147.7,-34.944,-16.462
147.9,-34.336,-16.407
148.1,-33.525,-16.339
148.3,-32.848,-16.315
148.5,-32.168,-16.368
148.7,-31.468,-16.348
148.9,-30.755,-16.435
149.1,-30.038,-16.586
149.3,-29.268,-16.632
149.5,-28.764,-16.813
149.7,-28.046,-17.008
149.9,-27.636,-17.143
150.1,-26.982,-17.416
150.3,-26.159,-17.72
150.5,-25.881,-17.923
150.7,-25.203,-18.266
150.9,-24.629,-18.534
151.1,-24.187,-18.881
151.3,-23.625,-19.141
151.5,-23.095,-19.423
151.7,-22.699,-19.776
151.9,-22.093,-20.019
152.1,-21.687,-20.312
152.3,-21.142,-20.702
152.5,-20.866,-20.849
152.7,-20.312,-21.168
152.9,-19.682,-21.429
153.1,-19.361,-21.583
153.31,-18.917,-21.674
153.5,-18.465,-21.683
153.71,-18.027,-21.93
153.91,-17.566,-22.161
154.11,-17.133,-22.266
154.31,-16.638,-22.548
154.51,-16.296,-22.642
154.71,-15.827,-22.79
154.91,-15.297,-23.105
155.11,-15.024,-23.144
155.31,-14.447,-23.478
155.51,-13.795,-23.685
155.71,-13.465,-23.759
155.91,-12.929,-23.917
156.11,-12.357,-24.118
156.31,-11.852,-24.299
156.51,-11.136,-24.461
156.71,-10.695,-24.474
156.91,-10.001,-24.591
157.11,-9.5537,-24.48
157.31,-8.8753,-24.467
157.51,-8.163,-24.508
157.71,-7.8485,-24.164
157.91,-7.1084,-23.985
158.11,-6.5426,-23.701
158.31,-6.1017,-23.402
158.51,-5.5867,-23.013
158.71,-5.2506,-22.618
158.91,-4.711,-22.253
159.11,-4.4273,-21.665
159.31,-4.1405,-21.178
159.51,-3.7536,-20.654
159.71,-3.641,-20.036
159.91,-3.2432,-19.51
160.11,-2.958,-18.999
160.31,-3.0875,-18.254
160.51,-2.6913,-17.672
160.71,-2.7252,-17.073
160.91,-2.7236,-16.505
161.11,-2.5926,-15.815
161.31,-2.6635,-15.149
161.51,-2.5032,-14.593
161.71,-2.6219,-13.857
161.91,-2.6928,-13.18
162.12,-2.5463,-12.595
162.31,-2.8717,-11.797
162.51,-2.8609,-11.204
162.72,-2.7391,-10.539
162.91,-3.1399,-9.8117
163.12,-3.0598,-9.249
163.32,-3.1923,-8.7398
163.52,-3.3465,-8.2804
163.72,-3.2879,-7.7491
163.92,-3.4637,-7.3211
164.12,-3.3619,-7.0297
164.32,-3.5947,-6.5555
164.52,-3.695,-6.3231
164.72,-3.6364,-6.0685
164.92,-3.8075,-5.7715
165.12,-3.8214,-5.6774
165.32,-3.6811,-5.528
165.52,-3.9016,-5.3933
165.72,-3.8368,-5.2937
165.92,-3.9293,-5.2476
166.12,-4.0079,-5.2531
166.32,-3.8861,-5.1977
166.52,-5.5466,-5.207
166.72,-5.3863,-5.3066
166.92,-5.4295,-5.1719
167.12,-5.4603,-5.2402
167.32,-5.3647,-5.338
167.52,-5.4665,-5.2346
167.72,-5.3817,-5.3232
167.92,-5.3262,-5.325
168.12,-5.4695,-5.2678
168.32,-5.3601,-5.3324
168.52,-5.3709,-5.2992
168.72,-6.4316,-6.0279
168.92,-6.2019,-5.7955
169.12,-6.2805,-5.8453
169.32,-6.2651,-5.9504
169.52,-6.3052,-5.8305
169.72,-6.3776,-5.9301
169.92,-6.2913,-6.0095
170.12,-6.3931,-5.873
170.32,-6.4023,-5.967
170.52,-6.4239,-5.9412
170.72,-6.4609,-5.8766
170.92,-6.4748,-5.7733
171.12,-7.369,-4.6425
171.32,-7.3274,-4.6683
171.52,-7.2133,-4.5318
171.72,-7.3228,-4.2956
171.92,-7.295,-4.0466
172.12,-7.2919,-3.6149
172.32,-7.3752,-3.305
172.53,-7.3089,-2.9046
172.72,-7.3428,-2.342
172.93,-7.3505,-1.8955
173.13,-7.3937,-1.3162
173.33,-7.4137,-0.75172
173.53,-7.3968,-0.11156
173.73,-7.4939,0.56918
173.93,-7.5109,1.1927
174.13,-7.4785,1.9307
174.33,-7.5741,2.7166
174.53,-7.4723,3.3715
174.73,-7.4492,4.2127
174.93,-7.4199,4.9174
175.13,-7.3998,5.6886
175.33,-7.3567,6.5206
175.53,-7.3212,7.2751
175.73,-7.3351,8.0167
175.93,-7.369,8.7307
176.13,-7.3135,9.4446
176.33,-7.4708,10.044
176.53,-7.4553,10.552
176.73,-7.5155,11.136
176.93,-7.6496,11.61
177.13,-7.6635,12.005
177.33,-7.8346,12.54
177.53,-8.1121,12.896
177.73,-8.3696,13.26
177.93,-8.7551,13.673
178.13,-9.1297,13.944
178.33,-9.5167,14.204
178.53,-10.494,13.771
178.73,-10.912,13.977
178.93,-11.441,14.068
179.13,-11.937,14.029
179.33,-12.347,14.121
179.53,-12.848,14.042
179.73,-13.539,13.114
179.93,-13.902,13.23
180.13,-14.358,12.83
180.33,-14.734,12.714
180.53,-15.069,12.596
180.73,-15.392,12.19
180.93,-15.758,11.852
181.13,-16.054,11.361
181.34,-16.243,11.192
181.53,-16.515,10.871
181.74,-16.752,10.308
181.94,-16.817,10.16
182.14,-17.027,9.5479
182.34,-17.195,9.0701
182.54,-17.296,8.8672
182.74,-17.494,8.2953
182.94,-17.679,7.8304
183.14,-17.861,7.384
183.34,-18.075,6.8822
183.54,-18.343,6.4099
183.74,-18.709,5.8343
183.94,-18.903,5.5889
184.14,-18.482,6.6184
184.34,-18.863,5.9026
184.54,-19.29,5.3934
184.74,-19.706,4.7403
184.94,-20.115,4.2662
185.14,-19.399,3.5928
185.34,-19.657,2.9693
185.54,-20.138,2.4952
185.74,-20.654,1.9657
185.94,-21.012,1.4584
186.14,-21.55,0.94552
186.34,-22.033,0.27585
186.54,-21.7,-0.043305
186.74,-22.247,-0.64841
186.94,-22.568,-1.2775
187.14,-23.396,-1.6926
187.34,-23.824,-2.4139
187.54,-24.285,-2.912
187.74,-25.124,-3.3308
187.94,-25.625,-3.9562
188.14,-26.22,-4.5022
188.34,-26.638,-5.2088
188.54,-27.293,-5.6756
188.74,-27.966,-6.2714
188.94,-28.496,-6.9725
189.14,-29.245,-7.3617
189.34,-29.803,-7.9724
189.54,-30.255,-8.6697
189.74,-31.015,-9.0608
189.94,-31.388,-9.7526
190.14,-31.94,-10.238
190.34,-32.651,-10.714
190.54,-33.064,-11.286
190.74,-33.554,-11.861
190.94,-34.012,-12.45
191.15,-34.523,-12.865
191.34,-35.053,-13.343
191.54,-35.406,-13.961
191.75,-36.192,-14.263
191.94,-36.411,-14.866
192.15,-36.851,-15.335
192.35,-37.548,-15.649
192.55,-37.767,-16.241
192.75,-38.447,-16.661
192.95,-39.136,-17.097
193.15,-39.603,-17.709
193.35,-40.298,-18.259
193.55,-40.751,-18.901
193.75,-41.712,-19.353
193.95,-42.323,-20.028
194.15,-42.942,-20.718
194.35,-43.946,-21.198
194.55,-44.395,-21.951
194.75,-45.141,-22.596
194.95,-46.081,-22.997
195.15,-46.55,-23.759
195.35,-47.333,-24.371
195.55,-48.018,-24.884
195.75,-48.621,-25.489
198.55,-57.23,-31.153
198.75,-57.517,-31.49
198.95,-58.178,-31.603
199.15,-58.621,-31.996
199.35,-58.699,-32.416
199.55,-59.438,-32.577
199.75,-59.643,-32.975
199.95,-60.082,-33.2
200.16,-60.576,-33.477
200.35,-60.716,-33.829
200.56,-61.14,-34.149
200.75,-61.336,-34.508
200.96,-61.732,-34.706
201.16,-62.632,-35.078
201.36,-62.81,-35.444
201.56,-63.076,-35.702
201.76,-63.221,-36.183
201.96,-63.283,-36.645
202.16,-63.596,-36.927
202.36,-63.554,-37.46
202.56,-63.628,-37.838
202.76,-63.761,-38.209
202.96,-63.587,-38.772
203.16,-63.511,-39.176
203.36,-63.372,-39.655
203.56,-63.22,-39.976
203.76,-63.001,-40.456
203.96,-62.606,-40.908
204.16,-62.376,-41.089
204.36,-61.908,-41.574
204.56,-61.388,-41.906
204.76,-60.773,-42
204.96,-60.05,-42.393
205.16,-59.55,-42.439
205.36,-59.211,-42.452
205.56,-58.479,-42.616
224.18,-21.791,-20.299
224.38,-22.653,-19.89
224.58,-23.09,-19.755
224.78,-23.881,-19.41
224.98,-24.714,-19.126
225.18,-25.166,-19.132
225.38,-25.954,-18.831
225.58,-26.646,-18.608
225.78,-27.455,-18.337
225.98,-27.979,-18.257
226.18,-28.464,-18.117
226.38,-29.207,-17.8
226.58,-29.574,-17.73
226.78,-29.897,-17.621
226.98,-30.579,-17.215
227.18,-30.782,-17.22
227.38,-31.41,-16.951
227.58,-31.72,-16.704
227.78,-32.07,-16.536
227.98,-32.5,-16.174
228.18,-32.953,-15.82
228.38,-33.319,-15.411
228.58,-33.542,-15.086
228.78,-33.656,-14.721
228.98,-34.103,-14.095
229.19,-34.113,-13.601
229.38,-34.267,-12.981
229.59,-34.427,-12.249
229.78,-34.117,-11.799
229.99,-34.139,-11.107
230.19,-33.912,-10.417
230.39,-33.678,-9.8578
230.59,-33.354,-9.2656
230.79,-32.867,-8.7509
230.99,-32.865,-8.096
231.19,-32.437,-7.7159
231.39,-31.925,-7.2584
231.59,-31.894,-6.6828
231.79,-31.305,-6.3563
231.99,-30.856,-5.9449
232.19,-30.428,-5.587
232.39,-29.625,-5.4302
232.59,-29.301,-5.1775
232.79,-28.681,-4.9745
232.99,-27.921,-4.8565
233.19,-27.409,-4.7162
233.39,-26.809,-4.5428
233.59,-26.439,-4.3399
233.79,-25.835,-4.2347
233.99,-25.215,-4.0318
234.19,-24.968,-3.6702
234.39,-24.325,-3.4599
234.59,-23.923,-3.0633
234.79,-23.703,-2.6224
234.99,-22.975,-2.3586
235.19,-22.756,-1.8955
235.39,-22.358,-1.4343
235.59,-22.099,-0.91037
235.79,-21.761,-0.53956
235.99,-21.293,-0.11894
236.19,-21.219,0.4714
236.39,-20.721,0.81085
236.59,-20.306,1.368
236.79,-20.261,2.0395
236.99,-19.766,2.4232
237.19,-19.418,2.9564
237.39,-19.205,3.4858
237.59,-18.621,3.8806
237.79,-18.345,4.4765
237.99,-17.95,4.9838
238.19,-17.63,5.5963
238.4,-17.273,6.0206
238.59,-16.715,6.4505
238.79,-16.558,7.1183
239,-16,7.5703
239.2,-15.517,8.1293
239.4,-15.354,8.7085
239.6,-14.773,9.1255
239.8,-14.407,9.7546
240,-13.988,10.225
240.2,-13.456,10.712
240.4,-13.135,11.304
240.6,-12.697,11.848
240.8,-12.334,12.479
241,-11.908,12.861
241.2,-11.267,13.411
241.4,-10.998,14.097
241.6,-10.417,14.535
241.8,-9.9607,15.132
242,-9.6632,15.737
242.2,-9.0388,16.191
242.4,-8.5886,16.853
242.6,-8.1692,17.346
242.8,-7.571,17.837
243,-7.1593,18.418
243.2,-6.743,18.953
243.4,-6.2851,19.506
243.6,-5.5636,19.861
243.8,-5.0086,20.335
244,-4.6062,21.047
244.2,-3.9016,21.327
244.4,-3.2556,21.79
244.6,-2.7437,22.226
247,5.5881,25.303
247.2,6.1385,25.843
247.4,6.9032,25.897
247.6,7.5847,26.17
247.8,8.2692,26.421
248,8.7764,26.607
250.61,17.065,29.288
250.81,17.497,29.561
251.01,18.32,29.749
251.21,18.826,29.957
251.41,19.649,30.147
251.61,19.285,30.413
251.81,19.783,30.701
252.01,20.485,30.933
252.21,20.953,31.223
252.41,21.488,31.538
252.61,22.105,31.868
252.81,22.628,32.106
253.01,23.209,32.488
253.21,23.685,32.855
253.41,24.231,33.082
253.61,24.877,33.462
253.81,25.266,33.885
254.01,26.027,34.151
254.21,26.585,34.632
254.41,27.057,35.001
254.61,27.83,35.381
254.81,28.342,35.848
255.01,28.938,36.202
255.21,29.53,36.656
255.41,30.105,37.014
255.61,30.722,37.479
255.81,31.276,37.997
256.01,31.911,38.309
256.21,32.515,38.833
256.41,32.931,39.338
256.61,33.613,39.716
256.81,34.149,40.146
257.01,34.58,40.595
257.21,35.33,40.945
257.42,35.761,41.395
257.62,36.317,41.797
257.81,36.855,42.264
258.01,37.399,42.629
258.22,37.979,43.056
258.42,38.462,43.579
258.62,39.049,43.836
258.82,39.567,44.356
259.02,39.991,44.937
259.22,40.616,45.299
259.42,41.095,45.808
259.62,41.479,46.301
259.82,42.086,46.712
260.02,42.589,47.232
260.22,43.104,47.706
260.42,43.523,48.302
260.62,44.021,48.71
260.82,44.553,49.261
261.02,44.95,49.878
261.22,45.563,50.256
261.42,45.953,50.807
261.62,46.28,51.444
261.82,46.838,51.831
262.02,47.201,52.398
262.22,47.608,52.899
262.42,48.039,53.46
262.62,48.46,54.014
262.82,50.742,48.516
276.24,51.718,91.259
276.44,51.667,91.877
276.63,51.248,92.29
276.83,51.243,92.608
277.04,50.959,93.026
277.24,50.808,93.22
277.44,50.455,93.657
277.64,50.156,93.978
277.84,49.933,94.214
278.04,49.697,94.605
278.24,49.502,94.76
278.44,49.246,95.12
278.64,48.858,95.432
278.84,48.661,95.631
279.04,48.224,95.969
279.24,48.169,96.085
279.44,47.97,96.306
279.64,47.594,96.736
279.84,47.427,96.834
280.04,47.114,97.059
280.24,46.918,97.236
280.44,46.57,97.334
280.64,46.127,97.487
280.84,46.033,97.522
281.04,45.494,97.753
281.24,45.264,97.78
281.44,45.127,97.799
281.64,44.526,97.961
281.84,42.154,97.86
282.04,41.951,97.954
282.24,41.491,98.133
282.44,41.336,98.07
282.64,40.975,98.092
282.84,40.793,98.109
283.04,40.589,98.129
283.24,40.212,98.166
283.44,40.084,98.155
283.64,39.732,98.306
283.84,39.382,98.266
284.04,39.2,98.282
284.24,38.627,98.426
284.44,38.372,98.362
284.64,37.987,98.507
284.84,37.551,98.579
285.04,37.329,98.588
285.24,36.931,98.587
285.44,36.767,98.57
285.64,36.568,98.623
285.84,36.291,98.662
286.04,36.271,98.601
286.25,33.084,96.902
286.44,32.805,96.764
286.64,32.697,96.701
286.85,32.594,96.924
287.05,32.282,96.648
287.25,32.17,96.766
287.45,32,96.862
287.65,31.815,96.701
287.85,31.618,96.683
288.05,31.4,96.487
288.25,31.311,96.533
288.45,30.97,96.452
288.65,30.779,96.255
288.85,30.696,96.452
289.05,30.374,96.102
289.25,30.212,95.926
289.45,29.996,96.006
289.65,29.74,95.578
289.85,29.632,95.572
290.05,29.452,95.55
290.25,29.35,95.249
290.45,29.091,95.07
290.65,28.89,94.768
290.85,28.827,94.812
291.05,28.557,94.471
291.25,28.342,94.128
291.45,30.603,95.548
291.65,28.106,93.683
291.85,31.222,95.485
292.05,30.79,95.288
292.25,30.628,94.862
292.45,30.468,94.578
292.65,30.303,94.275
292.85,30.187,93.943
293.05,29.987,93.746
293.25,29.92,93.358
293.45,29.718,93.226
293.65,29.584,92.818
293.85,29.41,92.438
294.05,29.169,92.285
294.25,29.169,91.811
294.45,29.065,91.563
294.65,28.796,91.355
294.85,28.843,90.851
295.05,28.645,90.624
295.25,28.479,90.252
295.45,28.437,89.805
295.65,28.169,89.536
295.86,28.146,89.034
296.06,27.928,88.748
296.26,27.836,88.189
296.46,27.774,87.769
296.66,27.574,87.472
296.86,27.605,86.903
297.06,27.44,86.573
297.26,27.278,86.18
297.46,27.278,85.651
297.66,27.165,85.252
297.86,27.142,84.708
298.06,27.091,84.311
298.26,26.932,83.861
298.46,26.999,83.363
298.66,26.848,82.974
298.86,26.905,82.395
299.06,26.897,81.939
299.26,26.738,81.535
299.46,26.858,80.932
299.66,26.752,80.504
299.86,26.661,80.017
300.06,26.803,79.448
300.26,26.7,78.958
300.46,26.846,78.343
300.66,26.811,77.849
300.86,26.704,77.395
301.06,26.889,76.746
301.26,26.804,76.246
301.46,26.914,75.519
301.66,26.949,74.973
301.86,26.755,74.528
302.06,26.965,73.842
302.26,26.917,73.285
302.46,26.774,72.696
302.66,24.526,70.47
302.86,24.476,69.912
303.06,24.444,69.145
303.26,24.567,68.78
303.46,24.479,68.151
303.66,24.556,67.343
303.86,24.647,66.942
304.06,24.655,66.051
304.26,24.746,65.49
309.87,29.831,52.029
310.07,30.022,51.689
310.27,29.993,51.047
310.47,29.792,50.776
310.67,29.926,50.333
310.87,30.178,49.832
311.07,30.005,49.389
318.48,23.15,30.675
322.88,7.3688,24.628
323.08,6.8878,24.426
323.28,6.4345,24.19
323.48,5.8147,24.238
323.68,9.111,24.567
324.88,4.6013,23.609
325.08,3.9399,23.539
325.29,3.3833,23.336
325.49,2.836,23.253
325.69,2.2594,23.032
325.89,1.9387,22.84
326.09,1.1077,22.762
326.29,0.61738,22.458
326.49,0.091633,22.395
326.69,-0.66384,22.253
326.89,-1.1279,22.03
327.09,-1.6737,21.831
327.29,-2.238,21.591
327.49,-2.7483,21.488
330.29,-8.4991,16.208
330.49,-8.7474,15.859
330.69,-9.3718,15.446
330.89,-9.5969,14.887
334.7,-17.557,5.3989
334.9,-18.08,4.8639
335.1,-18.476,4.3308
335.3,-19.13,3.8696
335.5,-19.52,3.2811
335.7,-19.93,2.6501
335.9,-20.724,2.2387
336.1,-21.06,1.6595
336.3,-21.524,1.1226
336.5,-22.161,0.62083
336.7,-22.497,0.041557
336.9,-23.083,-0.51927
337.1,-23.518,-1.1151
337.3,-23.94,-1.6133
337.5,-24.515,-2.1815
337.7,-24.934,-2.7128
337.9,-25.551,-3.1924
338.1,-26.009,-3.7865
338.3,-26.384,-4.3122
338.5,-27.062,-4.7365
338.7,-27.452,-5.325
338.9,-27.947,-5.7826
339.1,-28.707,-6.3083
339.3,-28.877,-6.836
339.5,-29.439,-7.2953
339.7,-29.981,-7.8525
339.9,-30.317,-8.3044
340.1,-30.87,-8.8431
340.3,-31.185,-9.4039
340.5,-31.903,-9.7748
340.7,-32.32,-10.328
340.9,-32.591,-10.861
341.1,-33.36,-11.286
341.3,-33.715,-11.793
341.5,-34.207,-12.262
341.7,-34.862,-12.815
341.9,-35.2,-13.35
342.1,-35.781,-13.841
342.3,-36.274,-14.414
342.5,-36.865,-14.817
342.7,-37.401,-15.418
342.9,-37.839,-15.968
343.1,-38.496,-16.385
343.31,-39.011,-16.966
343.5,-39.339,-17.486
343.7,-40.149,-17.859
343.9,-40.553,-18.42
344.11,-41.123,-18.896
344.31,-41.814,-19.429
344.51,-42.238,-19.907
344.71,-42.83,-20.39
344.91,-43.406,-20.916
345.11,-44.076,-21.336
345.31,-44.614,-21.904
345.51,-45.079,-22.513
345.71,-45.81,-22.879
345.91,-46.249,-23.511
346.11,-46.826,-23.943
346.31,-47.582,-24.388
346.51,-48.055,-24.919
346.71,-48.667,-25.238
346.91,-49.515,-25.661
347.11,-49.962,-26.227
347.31,-50.61,-26.732
347.51,-51.217,-27.282
347.71,-51.922,-27.671
351.31,-62.256,-37.408
351.51,-62.985,-37.785
351.71,-63.235,-38.172
351.91,-63.732,-38.596
352.11,-65.004,-39.002
352.31,-65.38,-39.299
352.51,-65.768,-39.596
352.71,-66.004,-39.941
352.92,-66.383,-40.179
353.12,-66.609,-40.596
353.32,-66.885,-40.869
353.52,-67.335,-41.004
353.72,-67.515,-41.299
353.92,-67.877,-41.559
354.12,-68.232,-41.747
354.32,-68.408,-41.984
354.52,-68.795,-42.207
354.72,-69.037,-42.443
354.92,-69.345,-42.596
355.12,-69.623,-42.969
355.32,-69.831,-43.113
355.52,-70.196,-43.264
355.72,-70.428,-43.592
355.92,-70.633,-43.72
356.12,-71.032,-43.856
356.32,-71.14,-44.1
356.52,-71.482,-44.179
377.94,-105.96,-76.626
378.14,-106.03,-76.081
378.34,-106.57,-75.714
378.54,-106.59,-75.338
378.74,-106.96,-75.019
378.94,-107.1,-74.69
379.14,-107.39,-74.084
379.34,-107.63,-73.63
379.54,-107.66,-73.222
392.76,-76.334,-64.939
392.96,-75.037,-65.402
393.16,-74.754,-65.313
393.36,-74.47,-65.315
393.56,-73.799,-65.411
393.96,-73.812,-65.848
394.16,-73.226,-65.555
394.36,-72.839,-65.739
394.56,-72.463,-65.752
394.76,-72.355,-65.71
394.96,-71.863,-65.828
395.16,-71.482,-65.793
395.36,-71.303,-65.592
395.56,-70.716,-65.662
395.76,-70.474,-65.518
395.96,-67.984,-65.404
397.16,-67.79,-64.555
397.36,-67.679,-64.276
397.56,-67.002,-64.157
397.76,-66.669,-64.011
397.96,-66.573,-63.705
398.16,-65.915,-63.697
398.36,-65.566,-63.325
406.77,-45.32,-44.926
406.97,-44.882,-44.129
407.17,-44.942,-43.251
407.37,-44.385,-42.662
407.57,-44.176,-41.945
407.77,-44.224,-41.332
407.97,-43.798,-40.784
408.17,-43.687,-40.248
408.37,-43.451,-39.731
408.57,-43.05,-39.076
408.77,-42.912,-38.504
408.97,-42.313,-37.888
409.17,-42.156,-37.204
409.38,-41.65,-36.753
409.57,-40.872,-36.217
426.19,-26.686,-19.384
426.39,-27.178,-19.349
426.59,-27.509,-19.178
426.79,-28.3,-18.958
426.99,-28.608,-18.872
427.19,-29.111,-18.606
427.39,-29.951,-18.289
427.59,-30.183,-18.1
427.79,-30.784,-17.781
427.99,-31.305,-17.427
428.19,-31.683,-17.051
428.39,-32.244,-16.615
428.6,-32.656,-16.071
438,-20.56,4.2348
438.2,-20.274,4.6776
438.4,-19.813,5.0964
438.61,-19.514,5.4617
438.81,-19.131,5.7956
439,-18.755,6.1738
439.2,-18.576,6.5427
439.41,-17.989,6.7198
439.61,-17.83,7.0685
439.81,-17.717,7.4633
440.01,-17.219,7.5961
440.21,-17.148,7.8839
440.41,-16.911,8.1293
440.61,-16.51,8.3304
440.81,-16.362,8.5979
441.01,-16.112,8.9078
441.21,-15.946,9.1347
441.41,-15.668,9.4077
441.61,-15.377,9.7398
441.81,-15.258,10.085
442.01,-14.651,10.288
442.21,-14.514,10.74
442.41,-14.381,11.107
442.61,-13.8,11.328
442.81,-13.716,11.729
443.01,-13.331,12.153
443.21,-12.906,12.465
443.41,-12.761,12.896
450.42,5.7422,23.646
450.62,6.1184,24.098
450.82,6.6395,24.253
451.02,7.1067,24.323
451.22,7.6001,24.397
451.42,8.1042,24.598
451.62,8.5498,24.735
451.82,9.239,24.683
452.02,9.6414,24.945
452.22,9.996,25.085
452.42,10.565,25.113
452.62,11.023,25.242
452.82,11.471,25.393
453.02,12.031,25.487
453.22,12.346,25.653
453.42,12.791,25.832
453.62,13.18,25.998
453.82,13.763,25.943
454.02,14.077,26.186
454.22,14.316,26.41
454.42,14.183,26.452
454.62,14.643,26.736
454.82,14.988,26.983
455.02,15.457,27.09
455.22,15.827,27.319
455.42,16.172,27.605
455.62,16.502,27.777
455.82,16.812,28.009
456.02,17.141,28.251
456.22,17.403,28.474
456.42,17.777,28.618
456.62,18.124,28.963
456.82,18.294,29.251
457.02,18.701,29.413
457.22,18.968,29.802
457.43,19.311,30.059
457.62,19.651,30.337
457.82,19.96,30.656
458.02,20.34,31.064
458.23,20.597,31.396
458.43,20.956,31.726
458.63,21.385,32.147
458.83,21.686,32.442
459.03,22.137,32.8
459.23,22.486,33.337
459.43,22.862,33.638
459.63,22.518,33.28
459.83,22.987,33.759
460.03,23.42,34.114
460.23,23.984,34.453
460.43,24.441,34.852
460.63,25.002,35.241
460.83,25.497,35.7
461.03,26.061,36.032
461.23,26.676,36.447
461.43,27.219,36.763
461.63,27.927,36.957
461.83,28.559,37.468
462.03,29.091,37.838
462.23,29.819,37.993
462.43,30.389,38.443
462.63,30.963,38.763
462.83,31.53,39.22
463.03,32.124,39.475
463.23,32.691,39.846
463.43,33.217,40.255
463.63,34.624,40.96
463.83,35.198,41.384
464.03,35.597,41.764
464.23,36.26,42.006
464.43,36.763,42.449
464.63,37.17,42.79
464.83,37.766,43.078
465.03,38.207,43.467
465.23,38.724,43.768
465.43,39.179,44.181
465.63,39.592,44.476
465.83,40.121,44.803
466.03,40.559,45.188
466.23,40.996,45.439
466.43,41.467,45.861
466.63,41.815,46.24
466.83,42.345,46.502
467.03,42.743,46.983
467.23,43.052,47.323
467.44,43.536,47.651
467.64,43.913,48.053
467.84,44.299,48.389
468.04,44.689,48.85
468.24,45.02,49.178
468.44,45.448,49.525
468.64,45.801,49.961
468.84,46.169,50.263
469.04,46.484,50.8
469.24,46.871,51.184
469.44,47.296,51.473
469.64,47.643,51.992
469.84,47.982,52.392
470.04,48.361,52.796
470.24,48.653,53.364
470.44,49.035,53.746
470.64,49.376,54.313
470.84,49.732,54.674
471.04,50.122,55.11
471.24,50.401,55.687
471.44,50.782,56.05
471.64,50.879,56.521
471.84,51.144,56.916
472.04,51.602,57.316
472.24,51.869,57.91
472.44,52.184,58.388
472.64,52.435,58.936
472.84,51.477,59.958
473.04,51.727,60.543
473.24,51.917,61.103
473.44,52.002,61.576
473.64,51.066,67.741
474.84,51.033,64.653
475.04,50.879,65.192
475.24,50.76,65.865
475.44,50.446,66.225
475.64,50.253,66.798
475.84,50.099,67.518
476.04,49.723,67.763
476.24,49.485,68.45
476.44,49.143,69.012
476.64,48.687,69.204
476.85,48.414,69.903
485.05,28.824,85.879
485.25,30.307,87.77
485.45,30.078,88.337
485.65,29.849,88.957
485.85,29.681,89.429
486.05,29.646,90.158
486.25,29.614,90.857
486.46,29.774,91.453
486.66,29.777,92.185
486.86,29.913,92.729
487.06,30.201,93.192
487.26,30.318,93.742
487.46,30.548,94.153
487.66,30.753,94.583
487.86,30.921,94.915
488.06,31.172,95.181
488.26,31.363,95.48
488.46,31.615,95.644
488.66,31.903,95.989
488.86,32.147,96.269
489.06,32.557,96.373
489.26,32.723,96.736
489.46,33.178,96.799
489.66,33.634,96.963
489.86,33.978,97.262
490.06,34.385,97.393
490.26,34.822,97.552
490.46,35.392,97.592
490.66,35.905,97.686
490.86,36.427,97.779
491.06,37.144,97.744
491.26,37.617,97.679
491.46,38.186,97.716
491.66,38.932,97.579
491.86,39.336,97.577
492.06,39.948,97.509
492.26,40.617,97.439
492.46,41.177,97.389
492.66,41.744,97.227
492.86,42.279,97.052
493.06,42.876,96.799
493.26,43.442,96.472
493.46,43.795,96.227
493.66,44.435,95.806
493.86,44.724,95.583
494.06,45.094,95.225
494.26,45.633,94.672
494.46,45.808,94.36
494.66,46.174,93.858
494.86,46.508,93.445
495.06,46.727,93.032
495.26,46.951,92.585
495.46,47.066,92.157
495.67,47.353,91.606
495.87,47.527,91.226
496.06,47.537,90.779
496.26,47.87,90.18
496.47,47.81,89.866
496.67,47.896,89.287
496.87,48.246,88.73
497.07,48.172,88.256
497.27,48.267,87.763
497.47,48.374,87.27
497.67,48.38,86.763
497.87,48.405,86.278
498.07,48.143,85.844
498.27,48.24,85.274
498.47,48.008,85.027
508.08,39.102,59.126
508.28,38.809,58.652
508.48,38.596,58.168
508.68,38.708,57.519
508.88,38.289,57.054
509.08,38.297,56.355
509.28,38.164,55.746
509.48,37.87,55.263
509.68,37.836,54.661
509.88,37.637,54.065
510.08,37.356,53.49
510.28,37.245,52.885
510.48,36.905,52.342
510.68,36.992,51.675
510.88,36.57,51.184
511.08,36.326,50.573
511.28,36.414,49.911
511.48,35.924,49.394
511.68,35.79,48.695
511.88,35.744,48.048
512.08,35.335,47.505
512.28,35.182,46.88
512.48,34.774,46.277
512.68,34.575,45.642
512.88,34.51,45.007
513.08,33.981,44.513
513.28,33.986,43.893
513.48,33.533,43.46
513.68,33.2,42.864
513.88,36.257,42.384
517.29,27.122,34.947
517.49,26.787,34.588
517.69,26.208,34.283
517.89,25.904,33.778
518.09,25.514,33.462
518.29,24.766,33.184
518.49,24.504,32.789
518.69,23.934,32.51
518.89,23.226,32.219
519.09,22.998,31.83
519.29,22.184,31.612
519.49,21.772,31.236
519.69,21.306,30.933
519.89,20.691,30.618
520.09,20.204,30.3
520.29,19.555,30.057
520.49,19.123,29.688
520.69,18.499,29.507
520.89,17.78,29.352
521.09,17.339,29.068
521.29,16.576,28.908
521.49,15.981,28.74
521.69,15.445,28.605
521.89,14.714,28.555
522.09,14.108,28.398
522.29,13.454,28.219
522.49,12.805,28.074
522.69,12.241,27.908
522.89,11.555,27.799
523.09,11.118,27.579
523.29,10.434,27.417
523.49,9.7678,27.306
523.69,9.3762,26.967
523.89,8.778,26.827
524.09,8.1736,26.544
524.29,7.6648,26.295
524.5,6.9679,26.209
524.7,6.5008,25.854
524.89,5.827,25.615
525.1,5.3799,25.38
525.29,4.8156,25.085
525.5,4.0463,24.973
525.7,3.7055,24.609
525.9,2.9393,24.36
526.1,2.2532,24.142
526.3,1.931,23.832
526.5,1.1925,23.558
526.7,1.2125,23.255
526.9,0.53258,23.03
527.1,-0.18434,22.724
527.3,-0.78564,22.41
527.5,-1.4717,22.119
527.7,-2.1254,21.855
527.9,-2.7175,21.691
528.1,-3.3866,21.453
528.3,-3.8846,21.001
528.5,-4.7465,21.388
531.5,-10.237,14.874
531.7,-10.559,14.924
531.9,-10.796,14.667
532.1,-11.132,14.25
532.3,-11.481,13.865
532.5,-11.723,13.418
532.7,-12.264,13.042
532.9,-12.395,12.531
533.1,-12.926,12.182
533.3,-13.467,11.795
533.5,-13.619,11.249
533.9,-14.922,10.234
534.11,-15.186,9.8062
534.3,-15.488,9.5055
534.51,-15.675,9.0849
534.71,-15.892,8.8063
534.91,-16.28,8.3377
535.11,-16.502,7.9282
535.31,-16.906,7.6662
535.51,-17.25,7.0261
535.71,-17.498,6.7254
535.91,-17.793,6.4745
536.11,-18.064,5.8952
536.31,-18.453,5.5797
536.51,-18.79,5.1259
536.71,-19.093,4.7717
536.91,-19.473,4.4968
537.11,-19.722,4.1408
537.31,-20.092,3.8364
537.51,-20.557,3.3014
537.71,-21.196,2.7701
537.91,-21.592,2.5062
538.11,-21.854,1.9676
538.31,-22.403,1.4971
538.51,-22.856,1.0839
538.71,-23.018,0.6153
538.91,-23.576,0.22604
539.11,-23.977,-0.2407
539.31,-24.342,-0.70006
539.51,-24.834,-1.141
539.71,-25.277,-1.6299
539.91,-25.773,-1.997
540.11,-26.112,-2.5578
540.31,-26.606,-2.9655
540.51,-27.184,-3.3068
540.71,-27.35,-3.8584
540.91,-27.816,-4.2846
541.11,-28.231,-4.7273
541.31,-28.559,-5.1775
541.51,-29.106,-5.552
541.71,-29.557,-6.0335
541.91,-29.988,-6.4799
542.11,-30.338,-6.9393
542.31,-30.776,-7.3949
542.51,-31.381,-7.7657
542.71,-31.59,-8.3616
542.91,-32.128,-8.7988
543.11,-32.748,-9.2305
543.31,-32.979,-9.8356
543.51,-33.624,-10.304
543.72,-34.06,-10.823
543.91,-34.481,-11.297
544.12,-35.036,-11.97
544.32,-35.502,-12.511
544.52,-36.061,-13.003
544.72,-36.476,-13.584
544.92,-37.139,-14.129
545.12,-37.745,-14.579
545.32,-38.078,-15.151
545.52,-38.883,-15.636
545.72,-39.393,-16.178
545.92,-39.717,-16.754
546.12,-40.418,-17.309
546.32,-40.864,-17.805
546.52,-41.505,-18.272
546.72,-42.09,-18.829
546.92,-42.565,-19.36
547.12,-43.224,-19.824
547.32,-43.684,-20.368
547.52,-44.265,-20.794
547.72,-44.998,-21.191
547.92,-45.337,-21.737
548.12,-45.97,-22.203
548.32,-46.545,-22.687
548.52,-47.039,-23.242
551.92,-56.601,-31.756
552.12,-57.05,-32.39
552.32,-57.691,-32.765
552.52,-58.121,-33.158
552.73,-58.86,-33.52
552.92,-59.512,-33.848
553.12,-59.846,-34.468
553.33,-60.525,-34.934
553.53,-61.169,-35.516
553.73,-61.618,-35.975
553.93,-62.305,-36.497
554.13,-62.862,-37.006
554.33,-63.457,-37.48
554.53,-64.014,-38.097
554.73,-64.718,-38.558
554.93,-65.323,-39.052
555.13,-65.684,-39.657
555.33,-66.377,-40.094
555.53,-67.091,-40.629
555.73,-67.588,-41.266
556.13,-68.741,-42.002
556.33,-69.336,-42.399
556.53,-69.96,-42.987
607.58,-11.41,-23.126
607.78,-11.435,-22.845
607.98,-11.712,-22.574
608.18,-11.92,-22.312
608.38,-12.156,-21.995
608.58,-12.429,-21.689
608.78,-12.642,-21.489
608.98,-13.006,-21.109
609.18,-13.51,-20.751
609.38,-13.686,-20.661
609.59,-14.389,-20.325
609.78,-14.887,-20.209
609.99,-15.079,-20.305
610.18,-15.684,-20.109
610.38,-16.083,-20.152
610.59,-16.617,-20.169
610.79,-17.172,-20.25
610.99,-17.591,-20.346
611.19,-18.311,-20.342
611.39,-18.602,-20.523
611.59,-19.148,-20.451
611.79,-19.719,-20.357
611.99,-20.001,-20.624
612.19,-20.806,-20.412
622.8,-24.059,-0.076512
623,-23.636,0.32751
623.2,-23.419,0.7555
623.4,-22.901,1.202
623.6,-22.497,1.7074
623.8,-21.974,2.0709
624,-21.657,2.7276
624.2,-21.253,3.2054
624.4,-20.571,3.5726
624.6,-20.372,4.2496
624.8,-19.876,4.6444
625,-19.272,5.1425
625.2,-19.045,5.7734
625.4,-18.592,6.2014
625.6,-18.126,6.718
625.8,-17.72,7.1718
626,-17.369,7.7529
626.2,-16.985,8.2787
626.4,-16.402,8.7159
626.6,-16.166,9.3948
626.8,-15.801,9.8671
627,-15.135,10.288
627.2,-14.934,10.957
627.4,-14.344,11.409
627.6,-13.814,11.906
627.8,-13.642,12.551
628,-13.052,13.046
628.2,-12.626,13.536
628.4,-12.206,14.047
628.61,-11.703,14.651
628.8,-11.334,15.165
629,-10.729,15.516
629.21,-10.419,16.075
629.4,-10.124,16.551
629.61,-9.5044,16.887
629.81,-9.4026,17.4
630.01,-8.937,17.697
630.21,-8.6949,17.959
630.41,-8.5963,18.208
630.61,-8.3218,18.333
630.81,-8.1877,18.512
631.01,-7.8732,18.606
631.21,-7.8485,18.914
631.41,-7.6527,19.023
631.61,-7.2518,19.185
631.81,-7.3274,19.512
632.01,-6.9358,19.654
632.21,-6.5735,19.829
632.41,-6.5118,20.246
632.61,-6.0107,20.445
632.81,-5.6576,20.696
633.01,-5.4279,21.06
636.21,5.4478,25.056
636.41,5.9658,24.733
636.61,6.5362,24.698
636.81,7.5091,24.712
637.01,7.9855,24.869
637.21,8.5498,24.888
637.41,9.2914,24.952
637.61,9.5843,25.124
637.81,10.295,25.151
638.01,10.862,25.244
638.21,11.28,25.314
638.41,11.888,25.53
638.62,12.323,25.709
638.82,12.935,25.805
639.01,13.238,26.105
639.22,13.676,26.164
639.41,14.459,26.31
639.62,14.743,26.568
639.82,15.216,26.753
640.02,15.734,26.976
640.22,16.034,27.354
640.42,16.632,27.601
640.62,16.262,27.795
640.82,16.746,28.022
641.02,17.301,28.284
641.22,17.757,28.481
641.42,18.34,28.701
641.62,18.772,29.109
641.82,19.385,29.186
642.02,20.011,29.339
642.22,20.462,29.62
642.42,21.054,29.793
642.62,21.632,30.02
642.82,22.091,30.324
643.02,22.794,30.494
643.22,23.342,30.73
643.42,23.968,30.885
643.62,24.466,31.298
643.82,25.014,31.42
644.02,25.688,31.595
644.22,26.192,32.012
644.42,26.764,32.143
644.62,27.392,32.374
644.82,27.898,32.723
645.02,28.5,32.889
645.22,29.012,33.217
645.42,29.563,33.488
645.62,30.172,33.7
645.82,30.687,33.977
646.02,31.382,33.997
646.22,31.79,34.431
646.42,32.296,34.654
646.62,32.902,34.767
646.82,33.286,35.108
647.02,33.715,35.217
647.22,34.029,35.423
647.42,34.301,35.601
647.62,34.607,35.695
647.83,34.76,35.765
648.02,34.916,35.857
648.23,35.081,35.975
648.42,35.091,35.955
648.63,35.218,35.962
648.83,35.124,36.097
649.03,35.165,36.045
649.23,35.306,35.999
649.43,35.269,36.095
649.63,35.343,36.08
649.83,35.335,36.086
650.03,35.326,36.136
650.23,35.457,36.113
650.43,35.46,36.137
650.63,35.454,36.167
650.83,35.546,36.204
651.03,35.535,36.169
651.23,35.645,36.126
651.43,35.571,36.279
651.63,35.643,36.184
651.83,35.761,36.189
652.03,35.628,36.381
652.23,35.745,36.401
652.43,35.781,36.398
652.63,35.825,36.44
652.83,36.041,36.492
653.03,36.143,36.558
653.23,36.294,36.713
653.43,36.507,37.047
653.63,36.744,37.111
653.83,37.028,37.373
654.03,37.187,37.809
654.23,36.898,38.344
654.43,37.184,38.766
654.63,37.39,39.205
654.83,37.732,39.593
655.03,38.066,40.01
655.23,38.315,40.449
655.43,38.698,40.971
655.63,38.923,41.371
655.83,39.197,41.862
656.03,39.552,42.421
656.23,39.837,42.749
656.43,40.198,43.225
656.63,40.508,43.793
656.83,40.83,44.146
657.03,41.161,44.675
657.23,41.44,45.1
657.43,41.792,45.568
657.63,42.1,46.061
657.84,42.426,46.444
658.03,42.873,46.963
658.24,43.146,47.409
658.43,43.434,47.83
658.64,43.79,48.409
658.84,44.105,48.826
659.04,44.381,49.271
659.24,44.617,49.811
659.44,44.903,50.378
659.64,45.099,50.911
659.84,45.287,51.368
660.04,45.52,51.78
660.24,45.734,52.246
660.44,45.821,52.656
660.64,46.006,52.999
660.84,46.069,53.27
661.04,46.135,53.481
661.24,46.197,53.785
661.44,46.265,53.829
661.64,46.363,53.942
661.84,46.271,54.078
662.04,46.334,54.025
662.24,46.308,54.058
662.44,46.299,54.058
662.64,46.357,54.027
662.84,46.345,54.075
663.04,46.317,54.058
663.24,46.334,54.091
663.44,46.333,54.073
663.64,46.371,54.051
663.84,46.311,54.161
664.04,46.353,54.078
664.24,46.405,54.128
664.44,46.308,54.152
664.64,46.36,54.145
664.84,46.405,54.143
665.04,46.345,54.182
665.24,46.405,54.16
665.44,46.377,54.167
665.64,46.377,54.191
665.84,46.379,54.34
666.04,46.431,54.392
666.24,46.513,54.451
666.44,46.465,54.617
666.64,46.534,54.702
666.85,46.645,54.825
667.04,46.605,54.988
667.25,46.744,55.206
667.45,46.851,55.353
667.65,46.863,55.574
667.85,47.012,55.824
668.05,47.057,56.073
668.25,47.162,56.323
668.45,47.224,56.739
668.65,47.336,57.006
668.85,47.486,57.349
669.05,47.48,57.746
669.25,47.621,58.093
669.45,47.766,58.504
669.65,47.759,58.858
669.85,47.954,59.235
670.05,48.101,59.55
670.25,48.147,59.963
670.45,48.271,60.469
670.65,48.369,60.936
670.85,48.472,61.495
671.05,48.602,62.054
671.25,48.722,62.461
671.45,48.87,63.101
671.65,48.869,63.716
671.85,48.998,64.269
672.05,49.169,64.919
672.25,49.214,65.457
672.45,49.296,66.092
672.65,49.357,66.701
672.85,49.385,67.232
673.05,49.489,67.968
673.25,49.559,68.549
673.45,49.596,69.2
673.65,49.66,69.94
673.85,52.678,70.101
675.45,49.576,76.46
684.86,42.358,97.553
685.06,41.932,97.703
685.26,41.905,97.533
685.46,39.543,97.354
685.66,39.305,97.068
685.87,39.159,96.935
686.07,38.778,96.98
686.26,38.56,96.734
686.47,38.306,96.705
686.67,37.905,96.685
686.87,37.711,96.454
687.07,37.432,96.33
687.27,37.222,96.148
687.47,36.955,96.102
687.67,36.653,96.011
687.87,36.516,95.84
688.07,36.063,95.819
688.27,36.151,95.616
688.47,36.081,95.41
688.67,35.748,95.342
688.87,35.64,95.03
689.07,35.412,94.991
689.27,35.065,94.742
689.47,34.876,94.469
689.67,34.634,94.331
689.87,34.419,93.963
690.07,34.189,93.799
690.27,33.875,93.574
690.47,33.809,93.279
690.67,33.5,93.096
690.87,33.257,92.716
691.07,33.19,92.447
691.27,32.885,92.281
691.47,32.78,91.816
691.67,32.638,91.656
691.87,32.392,91.347
692.07,32.364,90.883
692.27,32.233,90.514
692.47,32.164,90.097
692.67,32.02,89.855
692.87,31.598,88.748
693.07,31.353,88.372
693.27,31.263,88.137
693.47,31.24,87.549
693.67,31.322,87.143
693.87,31.252,86.874
694.07,31.306,86.337
694.27,31.353,86.217
694.47,31.427,85.802
694.67,31.545,85.348
694.87,31.627,84.95
695.07,31.778,84.487
695.27,31.886,84.223
695.47,32.026,83.752
695.67,32.253,83.293
695.88,32.435,83.007
696.08,32.622,82.419
696.27,32.827,82.086
696.48,32.908,81.795
696.68,33.93,81.684
696.88,34.058,81.321
697.08,34.233,80.902
697.28,34.512,80.446
697.48,34.603,80.059
697.68,34.94,79.526
697.88,35.099,79.153
698.08,35.249,78.688
698.28,35.602,78.127
698.48,35.719,77.757
698.68,36.029,77.091
698.88,36.2,76.744
699.08,36.242,76.255
699.28,36.605,75.668
699.48,36.789,75.183
699.68,37.173,74.585
699.88,37.298,74.111
700.08,37.498,73.602
700.28,37.868,73.15
700.48,37.794,72.713
700.68,38.016,72.233
700.88,38.428,71.713
701.08,38.345,71.359
701.28,38.749,70.859
701.48,38.764,70.459
701.68,38.81,70.066
701.88,39.092,69.532
702.08,39.137,69.082
702.28,39.432,68.638
702.48,39.455,68.265
702.68,39.411,67.935
702.88,39.715,67.477
703.08,39.544,67.156
703.28,39.697,66.638
703.48,39.832,66.212
703.68,39.518,65.917
703.88,39.863,65.382
704.08,39.751,65.077
707.09,39.245,57.458
707.29,38.616,57.159
707.49,38.53,56.639
707.69,38.095,56.209
707.89,37.851,55.628
708.09,37.896,55.025
708.29,37.481,54.58
708.49,37.398,53.981
708.69,37.386,53.508
708.89,36.857,53.016
709.09,36.868,52.385
709.29,36.531,51.951
709.49,36.248,51.4
709.69,36.055,50.874
709.89,35.716,50.333
710.09,35.579,49.789
710.29,35.104,49.404
710.49,34.701,48.85
710.69,34.64,48.304
710.89,34.045,47.937
711.09,33.816,47.33
711.29,33.417,46.893
711.49,32.911,46.43
711.69,32.603,45.86
711.89,32.245,45.398
712.09,31.852,44.78
712.29,31.413,44.393
712.49,30.921,43.899
712.69,30.568,43.351
712.89,29.954,42.969
713.09,29.478,42.482
713.29,32.048,42.1
714.89,25.651,38.744
715.1,25.093,38.375
715.29,24.934,37.92
715.5,24.223,37.654
715.7,23.907,37.187
715.9,23.607,36.84
716.1,22.931,36.567
716.3,22.702,36.126
716.5,22.188,35.805
716.7,21.743,35.44
716.9,21.43,35.01
717.1,21.012,34.671
717.3,20.832,34.219
717.5,20.212,33.907
717.7,19.965,33.486
717.9,19.706,33.02
718.1,19.139,32.734
718.3,18.833,32.272
718.5,18.545,31.88
718.7,17.864,31.59
718.9,17.657,31.188
719.1,17.125,30.894
719.3,16.633,30.492
719.5,16.234,30.175
719.7,15.694,29.915
719.9,15.335,29.616
720.1,14.55,29.376
720.3,14.014,29.055
720.5,13.739,28.695
720.7,12.904,28.52
720.9,12.589,28.229
721.1,11.899,27.972
721.3,11.174,27.762
721.5,10.818,27.502
721.7,10.098,27.231
721.9,9.5088,26.985
722.1,9.0077,26.793
722.3,8.3586,26.557
722.5,7.9593,26.288
722.7,7.0558,26.105
722.9,7.0805,25.832
723.1,6.6596,25.653
723.3,5.8872,25.526
723.5,5.4555,25.282
723.71,4.8665,25.091
723.9,4.108,24.89
724.11,3.6624,24.62
724.3,3.0472,24.45
724.5,2.4351,24.183
724.71,1.8693,24.05
724.91,1.2264,23.816
725.11,0.72993,23.502
725.31,0.01146,23.403
725.51,-0.5482,23.006
725.71,-1.077,22.797
725.91,-1.8125,22.624
726.11,-2.3212,22.36
726.31,-2.921,22.148
726.51,-3.5577,21.831
726.71,-4.0079,21.532
726.91,-4.6185,21.359
727.11,-5.0964,20.857
729.91,-11.153,15.044
730.11,-11.523,14.662
730.31,-11.746,14.071
730.51,-12.415,13.697
730.71,-12.728,13.14
734.12,-20.864,4.423
734.32,-21.043,4.0172
734.51,-21.572,3.5449
734.72,-21.919,3.0726
734.92,-22.207,2.4749
735.12,-22.978,1.962
735.32,-23.374,1.3772
735.52,-23.633,0.79425
735.72,-24.406,0.29061
735.92,-24.737,-0.27575
736.12,-25.189,-0.86425
736.32,-25.758,-1.4066
736.52,-26.131,-2.032
736.72,-26.703,-2.6021
736.92,-27.229,-3.2127
737.12,-27.898,-3.8049
737.32,-28.459,-4.4967
737.52,-28.86,-5.2365
737.72,-29.817,-5.9062
737.92,-30.378,-6.6865
738.12,-31.009,-7.3359
738.32,-31.792,-8.0609
738.52,-32.326,-8.7269
738.72,-33.046,-9.3818
738.92,-33.641,-10.077
739.12,-34.264,-10.712
739.32,-34.961,-11.33
739.52,-35.545,-11.893
739.72,-36.231,-12.546
739.92,-36.877,-13.177
740.12,-37.343,-13.798
740.32,-38.215,-14.311
740.52,-38.653,-14.907
740.72,-39.274,-15.413
740.92,-39.964,-16.014
741.12,-40.482,-16.61
741.32,-41.125,-17.165
741.52,-41.774,-17.787
741.72,-42.315,-18.292
741.92,-43.009,-18.833
742.12,-43.547,-19.477
742.32,-44.452,-19.956
742.52,-45.002,-20.556
742.73,-45.488,-21.098
742.92,-46.387,-21.6
743.12,-46.922,-22.216
743.33,-47.529,-22.69
743.52,-48.305,-23.349
743.73,-48.804,-24.011
743.93,-49.393,-24.426
744.13,-50.183,-25.028
744.33,-50.77,-25.493
744.53,-51.417,-25.987
744.73,-51.934,-26.544
744.93,-52.722,-26.98
745.13,-53.268,-27.515
745.33,-53.628,-28.007
745.53,-54.342,-28.382
745.73,-54.903,-28.771
745.93,-55.465,-29.16
746.13,-56.066,-29.568
746.33,-56.538,-29.989
746.53,-57.1,-30.328
746.73,-57.507,-30.691
746.93,-58.112,-31.001
747.13,-58.52,-31.403
747.33,-58.957,-31.872
747.53,-59.66,-32.152
747.73,-59.97,-32.582
747.93,-60.446,-32.944
748.13,-61.101,-33.278
748.33,-61.473,-33.687
748.53,-62.014,-34.106
748.73,-62.529,-34.536
748.93,-62.834,-35.018
749.13,-63.174,-35.462
749.33,-63.531,-35.968
749.53,-63.194,-36.41
749.73,-63.301,-37.004
749.93,-63.343,-37.587
750.13,-63.614,-38.036
750.33,-63.625,-38.626
750.53,-63.624,-39.185
750.73,-63.574,-39.768
750.93,-63.46,-40.29
751.13,-63.186,-40.751
751.33,-62.802,-41.284
751.53,-62.441,-41.631
751.73,-62.067,-42.024
751.93,-61.587,-42.362
752.13,-61.252,-42.541
752.33,-60.645,-42.753
752.53,-59.97,-43.085
752.74,-59.805,-43.017
752.93,-59.367,-42.943
753.13,-59.045,-42.95
753.34,-58.767,-42.954
753.53,-58.429,-42.889
753.74,-58.181,-42.832
753.94,-57.802,-42.749
754.14,-57.541,-42.57
754.34,-57.316,-42.471
754.54,-56.851,-42.371
754.74,-56.738,-42.15
754.94,-56.215,-42.046
755.14,-55.822,-41.764
755.34,-55.781,-41.45
755.54,-55.261,-41.168
755.74,-55.027,-40.849
755.94,-54.782,-40.615
756.14,-54.322,-40.235
756.34,-54.108,-39.927
756.54,-53.638,-39.631
756.74,-53.369,-39.27
756.94,-52.932,-39.067
757.14,-52.336,-38.762
757.34,-51.903,-38.421
757.54,-51.152,-38.231
757.74,-50.421,-37.962
757.94,-50.007,-37.718
758.14,-49.166,-37.394
758.34,-48.51,-37.148
758.54,-47.787,-36.984
758.74,-47.064,-36.693
758.94,-46.397,-36.442
759.14,-45.607,-36.23
759.34,-45.065,-35.99
759.54,-44.237,-35.824
759.74,-43.345,-35.652
759.94,-43.002,-35.433
760.14,-42.047,-35.281
760.34,-41.262,-35.088
760.54,-40.839,-34.789
769.35,-13.831,-27.168
769.55,-13.149,-27.061
769.75,-13.265,-26.644
769.95,-12.996,-26.41
770.15,-12.677,-26.072
770.35,-12.557,-25.718
770.55,-12.079,-25.456
770.75,-11.883,-25.129
770.95,-11.464,-24.947
771.15,-11.233,-24.537
771.35,-11.018,-24.277
771.55,-10.523,-23.993
771.75,-10.403,-23.639
771.96,-9.9453,-23.349
772.15,-9.4319,-23.093
772.36,-9.3502,-22.681
772.55,-8.7088,-22.351
772.76,-8.4945,-21.964
772.96,-8.2679,-21.543
773.16,-7.8007,-21.157
773.36,-7.5216,-20.763
773.56,-7.0853,-20.43
773.76,-6.7986,-19.814
773.96,-6.5118,-19.403
774.16,-6.0277,-18.956
774.36,-6.0477,-18.351
774.56,-5.5667,-17.934
774.76,-5.2583,-17.357
774.96,-5.2737,-16.685
775.16,-4.8189,-16.176
775.36,-4.7819,-15.569
775.56,-4.7233,-14.913
775.76,-4.3672,-14.298
775.96,-4.3286,-13.741
776.16,-4.0835,-13.182
776.36,-4.1575,-12.424
776.56,-4.0789,-11.924
776.76,-3.8985,-11.424
776.96,-4.2145,-10.786
777.16,-4.0172,-10.341
777.36,-3.9771,-9.7065
777.56,-4.3024,-8.9944
777.76,-4.1128,-8.5664
777.96,-4.2515,-7.8672
778.16,-4.2392,-7.2566
778.36,-4.2885,-6.55
778.56,-4.4181,-5.9209
778.76,-4.4242,-5.373
778.96,-4.6509,-4.5613
779.16,-4.7079,-3.9488
779.36,-4.6771,-3.3677
779.56,-4.9654,-2.6261
779.76,-4.8359,-2.0228
779.96,-5.0224,-1.2424
780.16,-5.2383,-0.55432
780.36,-5.2583,0.13011
780.56,-5.3246,0.81454
780.76,-5.3755,1.4842
780.97,-5.5466,2.2978
781.16,-5.7162,3.0209
781.37,-5.6792,3.746
781.57,-6.0138,4.6462
781.77,-6.6937,5.3233
781.97,-6.7924,5.9837
782.17,-6.9574,6.9117
782.37,-6.9651,7.5666
782.57,-7.1254,8.4392
782.77,-7.3443,9.2472
782.97,-7.315,9.952
783.17,-7.5201,10.743
783.37,-7.6342,11.336
783.57,-7.7529,12.109
783.77,-7.8778,12.723
783.97,-7.9133,13.214
784.17,-8.0782,13.87
784.37,-8.0844,14.247
784.57,-8.1476,14.725
784.77,-8.2417,15.265
784.97,-8.1676,15.688
785.17,-8.5068,16.033
785.37,-8.6579,16.523
785.57,-8.5685,16.901
785.77,-8.5932,17.352
785.97,-8.3974,17.835
786.17,-8.4775,18.438
786.37,-8.1707,18.938
786.57,-7.9025,19.368
786.77,-7.8254,20.063
786.97,-7.2873,20.473
787.17,-6.9866,21.036
787.37,-6.8171,21.609
790.17,2.3472,24.783
790.37,2.873,24.956
790.57,3.5282,24.949
790.77,4.1773,25.133
790.98,4.6244,25.253
791.17,5.4447,25.356
791.38,5.8332,25.602
791.58,6.4499,25.615
791.78,7.1699,25.705
791.98,7.506,25.899
792.18,8.3047,25.913
792.38,8.983,26.037
792.58,9.4995,26.162
792.78,10.206,26.159
792.98,10.731,26.277
793.18,11.274,26.314
793.38,11.92,26.524
793.58,12.457,26.565
793.78,13.089,26.686
793.98,13.619,26.935
794.18,14.214,27.03
794.38,14.984,27.125
794.58,15.377,27.404
794.78,16.052,27.522
794.98,16.655,27.749
795.18,17.085,27.889
795.38,17.805,27.98
795.58,18.345,28.155
795.78,18.855,28.301
795.98,19.467,28.546
796.18,20.07,28.633
796.38,20.722,28.67
796.58,21.229,28.965
796.78,21.897,28.933
796.98,22.543,29.075
797.18,23.036,29.358
797.38,23.742,29.424
797.58,24.368,29.647
797.78,24.806,29.834
797.98,25.478,29.935
798.18,26.101,30.156
798.38,26.743,30.276
798.58,27.319,30.673
798.78,27.995,30.861
798.98,28.69,31.072
799.18,29.206,31.542
799.38,29.925,31.734
799.58,30.565,32.177
799.78,31.178,32.56
799.99,31.852,32.852
800.18,32.45,33.383
800.38,33.019,33.811
800.59,33.684,34.197
800.79,34.248,34.704
800.99,34.873,35.139
801.19,35.364,35.696
801.39,35.889,36.169
801.59,36.511,36.562
801.79,36.878,37.193
801.99,37.45,37.667
802.19,37.95,38.261
802.39,38.34,38.875
802.59,38.903,39.283
802.79,39.354,39.869
802.99,39.806,40.445
803.19,40.267,41.063
803.39,40.705,41.653
803.59,41.248,42.207
803.79,41.573,42.915
803.99,42.073,43.5
804.19,42.637,44.065
804.39,42.947,44.913
804.59,43.466,45.472
804.79,43.937,46.195
804.99,44.361,46.893
805.19,44.883,47.538
805.39,45.266,48.219
805.59,45.757,48.99
805.79,46.117,49.553
805.99,46.544,50.252
806.19,46.989,50.789
806.39,47.396,51.745
806.59,47.769,52.281
806.79,48.297,52.857
806.99,48.591,53.744
807.19,49.044,54.051
807.39,49.609,54.918
807.59,49.987,55.626
807.79,50.343,56.156
807.99,50.781,56.921
808.19,51.28,57.406
808.39,51.673,58.148
808.59,52.036,58.746
808.79,52.532,59.332
808.99,52.908,60.144
809.19,53.28,60.565
809.39,53.773,61.177
809.59,54.057,62.007
809.79,54.442,62.446
810,54.879,63.238
810.2,55.158,63.935
820.61,54.416,83.138
820.81,54.293,83.062
821.01,54.422,82.885
821.21,54.475,82.66
821.41,54.418,82.728
821.61,54.626,82.592
821.81,54.701,82.618
822.01,54.786,82.681
822.21,54.933,82.599
822.41,54.834,82.64
822.61,54.991,82.741
822.81,55.155,82.88
823.01,55.025,83.027
823.21,54.991,83.075
823.41,54.766,83.151
823.61,54.627,83.094
823.81,54.495,83.132
824.01,54.041,83.252
824.21,54.029,83.073
824.41,53.916,82.972
824.61,53.673,82.871
824.81,53.69,82.629
825.01,53.508,82.413
825.21,53.44,82.216
825.41,50.708,81.022
825.61,50.797,80.924
825.81,51.058,80.911
826.01,51.195,80.939
826.21,53.093,81.343
826.41,51.434,80.583
826.61,51.316,80.671
826.81,51.528,80.537
827.01,51.622,80.529
827.21,51.673,80.624
827.41,51.824,80.548
827.61,51.758,80.459
827.81,51.622,80.474
828.01,51.538,80.612
828.21,51.456,80.541
828.41,51.531,80.629
828.61,51.39,80.882
828.82,51.331,80.751
829.01,51.263,80.871
829.22,51.029,81.042
829.41,50.999,81.005
829.62,50.828,81.064
829.82,51.747,79.364
835.82,48.011,85.365
836.02,48.084,85.232
836.22,48.107,85.206
836.42,47.996,85.274
836.62,48.106,85.213
836.82,48.076,85.21
837.02,48.039,85.221
837.22,48.163,85.058
837.42,48.176,84.992
837.62,48.197,84.9
837.83,48.26,84.843
838.02,48.32,84.743
838.23,48.244,84.843
838.42,48.23,84.935
838.62,48.352,84.715
838.83,48.361,84.736
839.03,48.227,84.867
839.23,48.36,84.76
839.43,48.349,84.728
839.63,48.323,84.737
839.83,48.448,84.706
840.03,48.423,84.682
840.23,48.431,84.667
840.43,48.471,84.667
840.63,48.485,84.54
840.83,48.494,84.571
841.03,48.448,84.638
841.23,48.024,83.256
841.43,48.03,83.271
841.63,47.936,83.4
841.83,48.059,83.345
842.03,48.028,83.337
842.23,48.041,83.354
842.43,48.144,83.391
842.63,48.065,83.376
842.83,48.093,83.441
843.03,48.072,83.553
843.23,48.101,83.465
843.43,48.141,83.579
843.63,47.979,83.651
843.83,48.147,83.525
844.03,48.133,83.658
844.23,48.452,84.747
844.43,48.062,83.607
844.63,48.001,83.623
844.83,47.9,83.621
845.03,47.951,83.647
845.23,47.921,83.662
845.43,47.902,83.701
845.63,47.907,83.797
845.83,47.927,83.69
846.03,47.948,83.708
846.23,47.816,83.845
846.43,47.947,83.695
846.63,47.916,83.817
846.83,47.769,83.863
847.03,47.899,83.784
847.23,47.867,83.791
847.43,47.785,83.811
847.63,47.802,83.889
847.84,47.789,83.826
848.03,47.776,83.795
848.24,47.736,83.915
848.43,47.819,83.776
848.63,47.833,83.856
848.84,47.666,83.957
849.04,47.766,83.885
849.24,47.774,83.931
849.44,47.646,83.972
849.64,47.746,83.939
849.84,47.706,83.99
850.04,47.652,83.994
850.24,47.654,84.09
850.44,47.655,84.031
850.64,47.637,84.072
850.84,47.598,84.156
851.04,47.685,84.024
851.24,47.703,84.099
851.44,47.534,84.236
851.64,47.651,84.092
851.84,47.635,84.215
852.04,47.537,84.195
852.24,47.603,84.234
852.44,47.595,84.225
852.64,47.535,84.226
852.84,47.532,84.286
853.04,47.574,84.232
853.24,47.554,84.267
853.44,47.507,84.361
853.64,47.606,84.188
853.84,47.534,84.343
854.04,47.418,84.442
854.24,47.5,84.359
854.44,47.506,84.405
854.64,47.461,84.415
854.84,47.46,84.393
855.04,47.433,84.398
855.24,47.444,84.415
855.44,47.355,84.47
855.64,47.387,84.381
855.84,47.364,84.405
856.04,47.27,84.487
856.24,47.384,84.332
856.44,47.312,84.45
856.64,47.193,84.553
856.85,47.194,84.577
857.04,47.147,84.662
857.25,47.083,84.734
857.45,51.428,77.766
864.65,47.134,100.43
864.85,46.986,100.91
865.05,47.094,101.22
865.25,46.897,101.77
865.45,46.855,102.02
865.65,42.979,100.98
865.85,42.862,101.37
866.05,42.939,101.55
866.25,42.859,102.01
866.45,42.584,102.36
866.65,42.658,102.54
866.86,42.574,102.84
867.05,42.484,102.97
867.25,42.329,103.29
867.46,42.207,103.52
867.65,42.17,103.67
867.86,42.082,104.01
868.06,41.917,104.13
868.26,41.838,104.43
868.46,41.653,104.74
868.66,41.558,104.86
868.86,41.493,105.15
869.06,41.246,105.28
869.26,41.22,105.4
869.46,41.117,105.64
869.66,41.086,105.71
869.86,40.825,105.94
870.06,40.485,106.12
870.26,40.432,106.22
870.46,40.298,106.45
870.66,40.215,106.37
870.86,40.181,106.58
871.06,40.064,106.74
871.26,40.013,106.68
871.46,39.965,106.85
871.66,39.879,106.95
871.86,39.755,107.1
872.06,39.6,107.32
872.26,39.532,107.4
872.46,39.347,107.61
872.66,39.226,107.72
872.86,39.248,107.78
873.06,39.052,108.05
873.26,38.932,107.98
873.46,38.889,108.25
873.66,38.758,108.32
873.86,38.688,108.22
874.06,38.574,108.44
874.26,38.403,108.55
874.46,38.286,108.67
874.66,38.042,108.91
874.86,37.967,109.02
875.06,37.682,109.33
875.26,37.543,109.38
875.46,37.45,109.56
875.66,37.193,109.83
875.86,37.1,109.83
876.06,36.951,110.02
876.26,36.786,110.16
876.46,36.777,110.14
876.66,36.616,110.29
876.87,36.505,110.36
877.07,36.343,110.56
877.27,36.149,110.67
877.47,36.069,110.77
877.67,35.85,111.1
877.87,35.739,111.17
878.07,35.65,111.51
878.27,35.383,111.91
878.47,35.324,112.11
878.67,35.122,112.66
878.87,35.061,112.99
879.07,35.096,113.37
879.27,34.96,113.77
879.47,34.971,114
879.67,34.948,114.42
879.87,34.871,114.6
880.07,34.996,114.72
880.27,34.933,115.04
880.47,34.916,115.08
880.67,35,115.39
880.87,34.965,115.74
881.07,35.079,115.89
881.27,35.145,116.33
881.47,35.247,116.57
881.67,35.491,116.88
881.87,35.482,117.32
882.07,35.646,117.72
882.27,35.807,118.23
882.47,35.862,118.57
882.67,36.021,118.92
882.87,36.047,119.5
883.07,36.095,119.78
883.27,36.155,120.37
883.47,36.157,120.88
883.67,36.228,121.23
883.87,36.177,121.73
884.07,36.195,122.21
884.27,36.279,122.67
884.47,36.165,123.11
884.67,36.2,123.53
884.87,36.177,124.1
885.07,36.063,124.47
885.27,36.143,124.85
885.47,36.012,125.44
885.67,35.949,125.74
885.88,35.841,126.25
886.08,35.767,126.79
886.27,35.778,127.13
886.48,35.634,127.68
886.67,35.588,128.16
886.88,35.506,128.72
887.08,35.31,129.21
887.28,35.283,129.66
887.48,35.165,130.34
887.68,34.982,130.71
887.88,34.876,131.21
888.08,34.687,131.83
888.28,34.541,132.13
888.48,34.375,132.7
888.68,34.131,133.56
888.88,34.058,133.93
889.08,33.81,134.49
889.28,33.676,134.94
889.48,38.086,136.21
899.89,25.179,148.66
900.09,25.264,148.12
900.29,25.275,147.81
900.49,25.013,147.48
900.69,25.283,147.02
900.89,25.138,146.75
901.09,25.064,146.42
901.29,25.369,146.05
901.49,25.323,145.84
901.69,25.324,145.63
901.89,25.36,145.38
902.09,25.384,145.24
902.29,25.494,144.98
902.49,25.29,144.69
902.69,25.44,144.23
902.89,25.434,143.83
903.09,25.158,143.55
908.3,15.183,128.59
908.5,15.102,128.1
908.7,15.033,127.93
908.9,14.899,127.54
909.1,14.877,127.23
909.3,14.768,126.88
909.5,14.722,126.33
909.7,14.664,126
909.9,14.549,125.28
910.1,14.481,124.76
910.3,14.426,124.44
910.5,14.35,123.68
910.7,14.25,123.31
910.9,14.131,122.63
911.1,14.136,122.03
911.3,13.948,121.6
911.5,13.887,120.99
911.7,13.741,120.4
911.9,13.601,119.85
912.1,13.618,119.22
912.3,16.758,121.97
912.5,16.803,121.29
912.7,16.845,120.88
912.9,16.609,120.24
913.1,16.55,119.48
913.3,16.347,118.84
913.5,16.189,118.06
913.7,16.195,117.37
913.9,15.927,116.84
914.1,15.839,116.2
914.3,15.71,115.65
914.5,15.599,114.95
914.7,15.614,114.34
914.9,15.351,113.86
915.11,15.355,113.3
915.3,15.312,112.83
915.5,15.065,112.33
915.71,15.096,111.74
915.91,14.982,111.33
916.11,14.873,110.78
916.31,14.942,110.36
916.51,14.805,109.95
916.71,14.789,109.49
916.91,14.762,109.12
917.11,14.763,108.71
917.31,14.839,108.37
917.51,14.703,108.13
917.71,14.816,107.73
917.91,14.849,107.46
918.11,14.726,107.02
918.31,14.888,106.64
918.51,14.947,106.39
918.71,14.914,106.05
918.91,14.968,105.83
919.11,14.967,105.57
919.31,14.996,105.2
919.51,15.002,105
919.71,15.102,104.61
919.91,15.186,104.29
920.11,15.084,104.11
920.31,15.233,103.8
920.51,15.281,103.69
920.71,15.223,103.54
920.91,15.344,103.34
921.11,15.363,103.26
921.31,15.423,103.04
921.51,15.542,102.9
921.71,15.559,102.71
921.91,15.696,102.43
922.11,15.771,102.26
922.31,15.815,101.8
922.51,15.87,101.57
922.71,15.856,101.29
922.91,15.904,101
923.11,15.973,100.73
923.31,15.972,100.36
923.51,16.01,100.09
923.71,16.021,99.836
923.91,16.023,99.465
924.12,16.075,99.114
924.32,16.134,98.743
924.51,16.197,98.387
924.72,16.14,98.07
924.92,16.323,97.511
925.12,16.354,97.096
925.32,16.342,96.681
925.52,16.436,96.142
925.72,16.507,95.666
925.92,16.586,95.072
926.12,16.633,94.535
926.32,16.653,94
926.52,16.786,93.428
926.72,16.806,92.847
926.92,16.877,92.239
927.12,17.01,91.735
927.32,16.88,91.314
927.52,17.056,90.753
927.72,17.084,90.322
927.92,17.073,89.837
928.12,17.165,89.335
928.32,17.222,88.853
928.52,17.312,88.278
928.72,17.296,87.842
928.92,17.417,87.274
929.12,17.605,86.787
929.32,17.72,86.204
929.52,17.911,85.627
929.72,18.123,85.169
929.92,18.17,84.678
930.12,18.456,84.097
930.32,18.644,83.603
930.52,18.79,83.048
930.72,19.071,82.472
930.92,19.262,82.018
931.12,19.496,81.443
931.32,19.794,80.959
931.52,19.993,80.373
931.72,20.293,79.852
931.92,20.512,79.341
932.12,20.836,78.703
932.32,21.101,78.258
932.52,21.285,77.735
932.72,21.675,77.115
932.92,21.849,76.707
933.12,22.147,76.043
933.32,22.52,75.476
933.52,22.692,74.98
933.72,22.964,74.371
933.92,23.248,73.827
934.12,23.422,73.126
934.33,23.667,72.528
934.52,23.86,71.96
934.73,24.12,71.22
934.93,24.29,70.617
935.13,24.469,69.955
935.33,24.74,69.139
935.53,25.115,68.78
935.73,25.182,67.826
935.93,25.514,67.202
936.13,25.821,66.752
945.74,25.668,38.56
945.94,24.879,38.17
946.14,24.723,37.722
946.34,24.17,37.285
946.54,23.938,36.755
946.74,23.84,36.244
946.94,23.559,35.756
947.14,23.565,35.208
947.34,23.221,34.9
947.54,23.124,34.416
947.74,23.18,33.99
947.94,22.762,33.667
948.14,22.75,33.204
948.34,22.72,32.892
948.54,22.4,32.649
948.74,22.376,32.354
948.94,22.193,32.053
949.14,22.1,31.653
949.34,21.997,31.488
949.54,21.798,31.326
949.74,21.808,31.035
949.94,21.587,31.009
950.14,22.33,30.87
950.34,22.602,30.76
950.54,22.535,30.815
950.74,22.566,30.725
950.94,22.483,30.763
951.14,22.322,30.819
951.34,22.358,30.793
951.54,22.292,30.848
951.74,22.239,30.699
951.94,22.235,30.826
952.14,22.142,30.834
952.34,22.332,30.721
952.54,21.996,30.795
952.74,22.028,30.691
952.95,21.999,30.577
953.14,21.888,30.62
953.35,21.966,30.454
953.54,21.966,30.457
953.75,21.911,30.382
953.95,22.04,30.236
954.15,22.023,30.192
954.35,22.079,29.961
954.55,22.003,30.002
954.75,22.011,29.876
954.95,22.019,29.725
955.15,21.123,30.337
955.35,21.104,30.262
955.55,21.112,30.249
955.75,21.126,30.269
955.95,21.262,30.197
956.15,21.343,30.236
956.35,21.363,30.247
956.55,21.515,30.265
956.75,22.215,29.799
956.95,22.316,29.793
957.15,22.318,29.891
957.35,22.412,29.874
957.55,22.491,29.671
957.75,22.458,29.697
957.95,22.605,29.467
958.15,22.606,29.317
958.35,22.563,29.258
958.55,22.651,29.051
958.75,22.676,28.825
958.95,22.699,28.563
959.15,22.774,28.52
959.35,22.702,28.404
959.55,22.731,28.31
959.75,22.685,28.369
959.95,22.674,28.315
960.15,22.734,28.229
960.35,22.588,28.319
960.55,22.706,28.21
960.75,22.618,28.262
960.95,22.566,28.26
961.15,22.694,28.168
961.35,22.626,28.195
961.55,22.646,28.059
961.75,22.637,28.136
961.96,22.541,28.166
962.15,22.683,28.002
962.36,22.603,28.055
962.55,22.645,27.932
962.75,22.691,27.93
962.96,22.524,27.963
963.16,22.58,27.858
963.36,22.494,27.93
963.56,22.401,27.893
963.76,22.472,27.797
963.96,22.356,27.681
964.16,22.341,27.509
964.36,22.153,27.515
964.56,21.972,27.428
964.76,21.946,27.214
964.96,21.652,27.264
965.16,21.471,26.978
965.36,21.303,26.882
965.56,20.886,26.904
965.76,20.708,26.712
965.96,20.469,26.67
966.16,20.129,26.465
966.36,19.964,26.375
966.56,19.7,26.24
966.76,19.412,26.089
966.96,19.017,26.186
967.16,18.585,26.157
967.36,18.343,25.952
967.56,17.814,26.013
967.76,17.392,25.869
967.96,16.999,25.904
968.16,16.447,25.847
968.36,16.057,25.72
968.56,15.531,25.768
968.76,14.923,25.672
968.96,14.402,25.699
969.16,13.809,25.733
969.36,13.224,25.559
969.56,12.526,25.686
969.76,11.899,25.646
969.96,11.373,25.437
970.16,10.622,25.546
970.36,10.076,25.408
970.56,9.4255,25.397
970.76,8.6839,25.297
970.96,8.1227,25.163
971.16,7.4906,25.104
971.36,6.8477,24.893
971.56,6.1971,24.795
971.76,5.5233,24.751
971.97,4.9112,24.554
972.16,4.182,24.484
972.37,3.5329,24.257
972.57,3.0102,24.008
972.76,2.2624,24.024
972.97,1.655,23.692
973.17,1.0352,23.515
973.37,0.32752,23.366
973.57,-0.24293,23.063
973.77,-0.93673,22.88
973.97,-1.5827,22.593
974.17,-2.2519,22.486
974.37,-2.8809,22.233
974.57,-3.3851,21.831
974.77,-4.0927,21.628
974.97,-4.62,21.235
975.17,-4.7912,20.198
977.77,-9.213,16.075
977.97,-9.7696,15.82
978.17,-9.731,15.326
978.37,-10.163,14.951
978.57,-10.585,14.649
978.77,-10.744,14.289
978.97,-11.071,13.878
979.17,-11.321,13.481
979.37,-11.903,13.238
979.57,-12.261,12.754
979.77,-12.329,12.363
979.97,-13.077,12.002
981.58,-15.875,8.489
981.77,-16.066,7.9614
981.98,-16.313,7.8784
982.18,-16.521,7.478
982.38,-16.896,6.8342
982.58,-17.374,6.5538
982.78,-17.728,5.9634
982.98,-18,5.5687
983.18,-18.436,5.1609
983.38,-18.849,4.6186
983.58,-19.329,4.1352
983.78,-19.777,3.5726
983.98,-20.215,3.1648
984.18,-20.678,2.676
984.38,-21.043,2.0377
984.58,-21.45,1.7978
984.78,-21.891,1.1706
984.98,-22.697,0.15225
985.18,-23.659,-0.3846
985.38,-23.871,-0.8827
985.58,-24.29,-1.4159
985.78,-24.868,-1.9287
985.98,-25.254,-2.4287
986.18,-25.702,-2.9102
986.38,-26.137,-3.4655
986.58,-26.718,-3.8732
986.78,-27.073,-4.4248
986.98,-27.44,-5.0077
987.18,-28.146,-5.2937
987.38,-28.488,-5.718
987.58,-28.766,-6.1976
987.78,-29.418,-6.6312
987.98,-29.674,-7.2621
988.18,-30.141,-7.7565
988.58,-31.172,-8.6439
988.78,-31.734,-9.1346
988.98,-32.003,-9.6954
989.18,-32.748,-10.002
989.38,-33.08,-10.555
989.58,-33.443,-11.044
989.78,-34.128,-11.359
989.98,-34.484,-11.87
990.18,-34.954,-12.393
990.38,-35.61,-12.786
990.58,-35.983,-13.348
990.78,-36.612,-13.809
996.99,-54.779,-28.472
997.19,-55.121,-29.21
997.39,-55.449,-29.734
997.59,-56.225,-30.143
997.79,-56.55,-30.706
997.99,-57.154,-31.169
998.19,-57.659,-31.658
998.39,-58.106,-32.045
998.59,-58.742,-32.58
998.79,-59.26,-33.09
998.99,-59.885,-33.468
999.19,-60.372,-34.097
999.39,-60.785,-34.671
999.59,-61.613,-34.999
999.79,-62.022,-35.584
1000,-62.529,-36.062
1000.2,-62.737,-36.503
1000.4,-62.935,-37.159
1000.6,-63.687,-37.637
1000.8,-64.194,-38.205
1001,-64.624,-38.657
1001.2,-65.263,-39.17
1001.4,-65.811,-39.733
1001.6,-66.336,-40.1
1001.8,-66.946,-40.724
1002,-67.384,-41.236
1002.2,-68.078,-41.589
1002.4,-68.591,-42.131
1002.6,-69.191,-42.53
1002.8,-69.834,-42.95
1003,-70.346,-43.454
1003.2,-70.947,-43.906
1003.4,-71.578,-44.35
1003.6,-72.116,-44.738
1003.8,-72.247,-46.476
1024,-135.78,-79.978
1024.2,-136.13,-79.876
1024.6,-137.26,-79.061
1024.8,-137.93,-79.127
1025,-138.5,-79.044
1025.2,-138.83,-79.16
1025.4,-139.34,-79.107
1025.6,-139.66,-79.057
1025.8,-140.41,-78.869
1026,-140.82,-78.784
1026.2,-141.3,-78.714
1026.4,-141.96,-78.5
1026.6,-142.23,-78.48
1026.8,-142.81,-78.161
1027,-143.58,-77.873
1027.2,-144.05,-77.662
1027.4,-144.62,-77.412
1027.6,-145.09,-77.292
1027.8,-145.62,-76.95
1028,-146.28,-76.766
1028.2,-146.63,-76.48
1028.4,-147.37,-75.967
1028.6,-147.78,-75.641
1028.8,-148.04,-75.2
1029,-148.83,-74.63
1029.2,-149.05,-74.262
1029.4,-149.44,-73.661
1029.6,-150.02,-73.056
1029.8,-150.15,-72.578
1030,-150.66,-71.991
1030.2,-150.99,-71.503
1030.4,-151.19,-70.934
1030.6,-151.49,-70.335
1030.8,-151.56,-69.822
1031,-151.99,-69.119
1031.2,-152.12,-68.658
1031.4,-152.16,-68.084
1031.6,-152.69,-67.398
1031.8,-152.68,-66.915
1032,-153.02,-66.282
1032.2,-153.37,-65.658
1032.4,-153.4,-65.108
1032.6,-153.67,-64.52
1032.8,-153.72,-64.009
1033,-153.97,-63.315
1033.2,-154.22,-62.745
1033.4,-154.24,-62.201
1033.6,-154.66,-61.465
1033.8,-154.76,-61.026
1034,-154.7,-60.386
1034.2,-153.68,-59.535
1034.4,-153.67,-59.022
1034.6,-153.75,-58.29
1034.8,-153.96,-57.711
1035,-153.95,-57.104
1035.2,-154.1,-56.462
1035.4,-154.24,-55.956
1035.6,-154.4,-55.235
1035.8,-154.59,-54.705
1036,-154.63,-54.222
1036.2,-154.82,-53.552
1036.4,-154.86,-53.169
1036.6,-154.87,-52.608
1036.8,-155.13,-51.962
1037,-155.08,-51.538
1037.2,-155.13,-50.853
1037.4,-155.73,-50.656
1037.6,-155.77,-50.092
1037.8,-155.81,-49.485
1038,-155.82,-48.94
1038.2,-155.92,-48.186
1038.4,-155.94,-47.618
1038.6,-155.81,-47.064
1038.8,-155.98,-46.269
1039,-155.95,-45.762
1039.2,-155.87,-45.044
1039.4,-155.98,-44.267
1039.6,-155.88,-43.707
1039.8,-155.82,-42.913
1040,-151.64,-41.591
1050,-155.13,-11.983
1054.5,-156.97,2.2886
1054.9,-160.69,3.0523
1055.1,-160.89,4.3603
1055.3,-160.72,5.0835
1055.5,-160.69,5.7421
1055.7,-160.58,6.4892
1055.9,-160.4,7.3139
1056.1,-160.36,8.0315
1056.3,-160.18,8.8358
1056.5,-160.08,9.6494
1056.7,-160,10.343
1056.9,-159.86,11.219
1057.1,-159.59,12.572
1057.3,-155.77,12.799
1063.9,-158.77,39.253
1064.1,-159.18,40.083
1064.3,-159.44,40.879
1064.5,-159.31,41.563
1064.7,-159.69,42.426
1064.9,-159.91,43.233
1065.1,-160.05,44.122
1065.3,-160.22,44.967
1065.5,-160.24,45.917
1065.7,-160.66,46.865
1065.9,-160.77,47.675
1066.1,-160.77,48.636
1066.3,-161.26,49.63
1066.5,-161.14,50.422
1066.7,-161.42,51.403
1066.9,-161.75,52.25
1067.1,-161.61,53.056
1067.3,-161.89,54.049
1067.5,-161.99,54.864
1067.7,-162.22,55.829
1067.9,-162.3,56.56
1068.1,-162.27,57.469
1068.3,-162.69,58.406
1068.5,-162.69,59.115
1068.7,-162.67,60.076
1068.9,-163.03,60.991
1069.1,-162.9,61.697
1069.3,-163.11,62.672
1069.5,-163.21,63.531
1069.7,-163.05,64.249
1069.9,-163.28,65.162
1070.1,-163.34,65.944
1070.3,-163.53,66.811
1076.3,-161.79,89.993
1076.5,-161.31,90.567
1076.7,-160.76,91.084
1076.9,-160.22,91.49
1077.1,-159.77,91.89
1077.3,-159.18,92.25
1077.5,-158.72,92.508
1077.7,-158.12,92.818
1077.9,-157.6,93.043
1078.1,-157.26,93.253
1078.3,-156.6,93.392
1078.5,-155.95,93.589
1078.7,-155.67,93.742
1078.9,-155.03,93.81
1079.1,-154.65,93.963
1079.3,-154.24,94.067
1079.5,-153.6,94.122
1079.7,-153.26,94.152
1079.9,-152.68,94.187
1080.1,-152.35,94.273
1080.3,-151.83,94.229
1080.5,-151.27,94.224
1080.7,-151.01,94.316
1080.9,-150.39,94.22
1081.1,-149.96,94.362
1081.3,-149.79,94.462
1081.5,-149.27,94.474
1081.7,-149.03,94.561
1081.9,-148.62,94.552
1082.1,-148.22,94.593
1082.3,-147.97,94.613
1082.5,-147.5,94.534
1082.7,-147.23,94.421
1082.9,-146.77,94.187
1083.1,-146.29,94.035
1083.3,-146.14,93.915
1083.5,-145.6,93.609
1083.7,-145.27,93.432
1083.9,-145.04,93.119
1084.1,-144.56,92.779
1084.3,-144.33,92.558
1084.5,-144.01,92.181
1084.7,-143.73,91.977
1084.9,-143.56,91.711
1085.1,-143.28,91.423
1085.3,-143.23,91.165
1085.5,-142.8,90.75
1085.7,-142.54,90.532
1085.9,-142.59,90.231
1086.1,-142.23,89.781
1086.3,-142.06,89.473
1086.5,-142,89.003
1086.7,-141.71,88.519
1086.9,-141.5,88.106
1087.1,-141.34,87.531
1087.3,-141.26,87.097
1087.5,-141.07,86.525
1087.7,-140.88,85.986
1087.9,-140.79,85.538
1088.1,-140.48,84.898
1088.3,-140.3,84.452
1088.5,-140.31,83.979
1088.7,-139.99,83.319
1088.9,-139.83,82.828
1089.1,-141.37,82.138
1089.3,-141.21,81.522
1089.5,-141.12,81.016
1089.7,-140.99,80.478
1089.9,-140.95,79.989
1090.1,-140.76,79.415
1090.3,-140.61,78.913
1090.5,-140.67,78.423
1090.7,-140.38,77.779
1090.9,-140.32,77.334
1091.1,-140.47,76.84
1091.3,-137.42,76.473
1092.5,-136.98,73.006
1092.7,-136.9,72.436
1092.9,-136.85,71.957
1093.1,-137.19,71.481
1093.3,-137,70.938
1093.5,-137.34,70.521
1093.7,-137.66,70.027
1093.9,-137.62,69.516
1094.1,-137.94,69.066
1094.3,-138.09,68.553
1094.5,-138.19,68.13
1094.7,-138.54,67.645
1094.9,-138.54,67.154
1095.1,-139.05,66.693
1095.3,-139.03,66.142
1095.5,-139.24,65.723
1095.7,-139.82,65.326
1095.9,-139.77,64.836
1096.1,-140.09,64.446
1096.3,-140.57,64.011
1096.5,-140.54,63.572
1096.7,-140.98,63.197
1096.9,-141.05,62.803
1097.1,-141.6,62.469
1097.3,-141.85,62.1
1097.5,-142.04,61.736
1097.7,-142.55,61.408
1097.9,-142.49,61.013
1098.1,-142.76,60.723
1098.3,-143.45,60.43
1098.5,-143.44,60.085
1098.7,-143.94,59.805
1098.9,-144.33,59.522
1099.1,-144.31,59.255
1099.3,-144.67,58.956
1099.5,-144.7,58.672
1099.7,-145.08,58.443
1099.9,-145.31,58.107
1100.1,-145.01,58.133
1100.9,-150.31,56.159
1101.1,-150.58,55.761
1101.3,-150.81,55.488
1101.5,-151.1,55.045
1101.7,-151.4,54.752
1101.9,-151.76,54.429
1102.1,-152.06,54.03
1102.3,-152.42,53.689
1102.5,-152.74,53.294
1102.7,-153,52.931
1102.9,-153.38,52.59
1103.1,-153.64,52.051
1103.3,-153.86,51.787
1103.5,-154.2,51.381
1103.7,-154.47,50.889
1103.9,-154.7,50.494
1104.1,-154.97,50.009
1104.3,-155.25,49.59
1104.5,-155.58,49.199
1104.7,-155.85,48.66
1104.9,-152.24,49.016
1107.7,-155.63,42.1
1107.9,-155.85,41.663
1108.1,-156.08,41.207
1108.3,-156.02,40.596
1108.5,-156.29,40.13
1108.7,-156.36,39.534
1108.9,-156.5,39.03
1109.1,-156.58,38.521
1109.3,-156.64,37.921
1109.5,-156.84,37.39
1109.7,-156.8,36.822
1109.9,-156.89,36.22
1110.1,-156.97,35.739
1110.3,-156.79,35.09
1110.5,-156.81,34.564
1110.7,-156.96,34.071
1110.9,-156.72,33.479
1111.1,-156.87,32.935
1111.3,-156.77,32.387
1111.5,-156.71,31.896
1111.7,-156.73,31.359
1111.9,-156.63,30.784
1112.1,-156.71,30.254
1112.3,-156.51,29.649
1112.5,-156.43,29.142
1112.7,-156.47,28.587
1112.9,-156.14,27.957
1113.1,-156.23,27.48
1113.3,-156.25,26.972
1113.5,-156.04,26.428
1113.7,-156,25.875
1113.9,-155.78,25.233
1114.1,-155.79,24.849
1114.3,-155.72,24.27
1114.5,-155.49,23.701
1114.7,-155.67,23.251
1114.9,-155.44,22.646
1115.1,-155.37,22.144
1115.3,-155.41,21.595
1115.5,-155.05,20.999
1115.7,-155.13,20.491
1115.9,-155.19,19.944
1116.1,-154.92,19.427
1116.3,-154.9,18.813
1116.5,-154.68,18.156
1116.7,-154.65,17.735
1116.9,-154.57,17.09
1117.1,-154.25,16.433
1117.3,-154.5,15.955
1117.5,-154.17,15.261
1117.7,-154.11,14.747
1117.9,-154.12,14.158
1118.1,-153.86,13.549
1118.3,-153.88,12.994
1118.5,-153.85,12.369
1118.7,-153.62,11.83
1118.9,-153.57,11.14
1119.1,-153.32,10.452
1119.3,-153.41,10.026
1119.5,-153.25,9.3081
1119.7,-152.98,8.6384
1119.9,-153.13,8.1459
1120.1,-152.85,7.419
1120.3,-152.83,6.9246
1120.5,-152.85,6.2826
1120.7,-152.53,5.6314
1120.9,-152.54,5.0724
1121.1,-152.57,4.4304
1121.3,-152.35,3.8733
1121.5,-152.28,3.2608
1121.7,-152.08,2.5616
1121.9,-152.25,2.1022
1122.1,-152.1,1.4086
1122.3,-151.88,0.77949
1122.5,-152.09,0.26478
1122.7,-155.14,-0.67055
1122.9,-155.13,-1.2369
1123.1,-155.23,-1.7461
1123.3,-155.09,-2.3936
1123.5,-155.11,-2.9028
1123.7,-155.09,-3.5116
1123.9,-155.04,-3.9746
1124.1,-155.1,-4.576
1124.3,-155.88,-4.4192
1124.5,-155.85,-4.9026
1124.7,-155.92,-5.4468
1124.9,-155.87,-6.0408
1125.1,-155.84,-6.55
1125.3,-155.84,-7.1274
1125.5,-155.88,-7.6698
1125.7,-155.87,-8.2472
1125.9,-155.82,-8.8523
1126.1,-155.89,-9.3873
1126.3,-155.9,-10.048
1126.5,-155.86,-10.52
1126.7,-155.92,-11.088
1126.9,-155.87,-11.721
1127.1,-155.82,-12.262
1127.3,-155.86,-12.83
1127.5,-155.76,-13.435
1127.7,-155.75,-13.992
1127.9,-155.66,-14.592
1128.1,-155.64,-15.195
1128.3,-155.6,-15.774
1128.5,-151.46,-16.875
1129.9,-153.52,-19.453
1130.1,-153.35,-20.122
1130.3,-153.56,-20.74
1136.5,-152.72,-42.943
1136.7,-152.53,-43.708
1136.9,-152.8,-44.255
1137.1,-152.72,-45.029
1137.3,-152.63,-45.657
1137.5,-152.88,-46.236
1137.7,-152.67,-46.891
1137.9,-152.8,-47.407
1138.1,-152.98,-48.012
1138.3,-152.79,-48.538
1138.7,-152.88,-49.597
1138.9,-152.96,-49.99
1139.1,-152.91,-50.544
1139.3,-152.69,-51.082
1139.5,-148.95,-51.134
1141.3,-153.37,-56.589
1141.5,-153.31,-57.024
1141.7,-153.31,-57.659
1141.9,-153.13,-58.296
1142.1,-153.11,-58.74
1142.3,-153.03,-59.384
1142.5,-152.94,-59.877
1142.7,-152.97,-60.423
1142.9,-152.83,-61.09
1143.1,-152.73,-61.6
1143.3,-152.68,-62.238
1143.5,-152.49,-62.764
1143.7,-152.37,-63.323
1143.9,-152.21,-63.987
1144.1,-152.06,-64.607
1144.3,-151.87,-65.232
1144.5,-151.62,-65.821
1144.7,-151.57,-66.32
1144.9,-151.36,-66.946
1145.1,-151.2,-67.438
1145.3,-151.1,-68.001
1145.5,-150.81,-68.665
1145.7,-150.63,-69.173
1145.9,-149.96,-69.992
1146.1,-149.7,-70.44
1146.3,-149.47,-70.982
1146.5,-149.22,-71.51
1146.7,-148.97,-71.903
1146.9,-148.63,-72.504
1147.1,-148.28,-72.982
1147.3,-148.11,-73.292
1147.5,-147.41,-73.246
1147.7,-146.92,-73.453
1147.9,-146.63,-73.81
1148.2,-146.21,-74.392
1148.3,-145.74,-74.589
1148.5,-145.45,-75.05
1148.8,-144.94,-75.124
1149,-144.5,-75.606
1188.2,-20.579,-18.951
1188.4,-20.456,-19.18
1188.6,-20.284,-19.265
1188.8,-19.922,-19.634
1189,-19.649,-19.65
1189.2,-19.657,-19.665
1189.4,-19.307,-19.964
1189.6,-19.298,-19.978
1189.8,-19.372,-20.036
1190,-21.526,-20.34
1190.2,-21.427,-20.429
1190.4,-21.308,-20.497
1190.6,-21.203,-20.486
1190.8,-21.106,-20.595
1191,-21.001,-20.593
1191.2,-20.909,-20.571
1191.4,-20.742,-20.75
1191.6,-20.624,-20.75
1191.8,-20.616,-20.656
1192,-20.437,-20.803
1192.2,-20.462,-20.737
1192.4,-20.479,-20.735
1192.6,-20.394,-20.746
1192.8,-20.483,-20.727
1193,-20.485,-20.733
1193.2,-20.445,-20.654
1193.4,-20.468,-20.718
1193.6,-20.448,-20.68
1193.8,-20.476,-20.578
1194,-20.363,-20.75
1194.2,-20.422,-20.595
1194.4,-20.436,-20.541
1194.6,-20.337,-20.646
1194.8,-21.552,-21.476
1195,-21.448,-21.56
1195.2,-21.186,-21.547
1195.4,-20.934,-21.626
1195.6,-20.584,-21.619
1195.8,-20.14,-21.683
1196,-19.406,-20.403
1196.2,-18.901,-20.615
1196.4,-18.399,-20.748
1196.6,-17.848,-21.019
1196.8,-17.258,-21.414
1197,-16.808,-21.714
1197.2,-15.365,-23.155
1197.4,-15.269,-23.725
1197.6,-14.934,-24.282
1197.8,-14.734,-24.919
1198,-14.526,-25.686
1198.2,-14.512,-26.323
1198.4,-14.777,-26.974
1198.6,-14.685,-27.801
1198.8,-15.055,-28.317
1199,-15.536,-28.878
1237.6,-117.47,-66.527
1237.8,-117.81,-66.368
1238,-118.07,-65.78
1238.2,-118.58,-65.203
1238.4,-118.63,-64.795
1238.6,-118.93,-64.121
1238.8,-119.34,-63.535
1239,-119.36,-63.096
1239.2,-119.78,-62.542
1239.4,-120.16,-62.02
1239.6,-120.41,-61.445
1239.8,-120.74,-60.941
1240,-120.91,-60.308
1240.2,-121.31,-59.692
1240.4,-121.4,-59.295
1240.6,-121.58,-58.637
1240.8,-122.04,-58.039
1241,-122.08,-57.626
1241.2,-122.49,-56.967
1241.4,-122.89,-56.46
1241.6,-122.99,-55.999
1241.8,-123.34,-55.471
1242,-123.6,-54.997
1244.3,-254.14,-1.3439
1248.7,-135.34,-41.24
1248.9,-135.8,-40.947
1249.1,-136.32,-40.532
1249.3,-136.78,-40.098
1249.5,-137.13,-39.674
1249.7,-137.58,-39.27
1249.9,-137.94,-38.825
1250.1,-138.28,-38.298
1250.3,-138.64,-37.923
1250.5,-138.99,-37.434
1250.7,-139.42,-36.848
1250.9,-139.76,-36.41
1251.1,-140.15,-35.897
1251.3,-140.59,-35.407
1251.5,-140.93,-34.962
1251.7,-141.43,-34.464
1251.9,-141.8,-33.948
1252.1,-142.15,-33.424
1252.3,-142.62,-32.94
1252.5,-143.03,-32.374
1252.7,-143.37,-31.785
1252.9,-143.73,-31.418
1253.1,-144.06,-30.85
1253.3,-144.41,-30.241
1253.5,-144.77,-29.795
1253.7,-140.55,-28.459
1254.7,-145.23,-25.926
1254.9,-145.64,-25.437
1255.1,-145.73,-24.845
1255.3,-146.13,-24.318
1255.5,-146.26,-23.847
1255.7,-146.58,-23.268
1255.9,-146.99,-22.716
1256.1,-147.19,-22.235
1256.3,-147.45,-21.633
1256.5,-147.73,-21.119
1256.7,-147.96,-20.55
1256.9,-148.27,-20.025
1257.1,-148.45,-19.427
1257.3,-148.74,-18.868
1257.5,-149.09,-18.373
1257.7,-149.2,-17.744
1257.9,-149.47,-17.16
1258.1,-149.56,-16.652
1258.3,-149.81,-16.018
1258.5,-150.22,-15.508
1258.7,-150.31,-14.973
1258.9,-150.5,-14.363
1259.1,-150.78,-13.856
1259.3,-150.9,-13.267
1259.5,-151.11,-12.73
1259.7,-151.35,-12.177
1259.9,-151.55,-11.535
1260.1,-151.73,-11.053
1260.3,-151.91,-10.43
1260.5,-152.27,-9.808
1260.7,-149.22,-9.1918
1262.3,-155.63,-5.0944
1262.5,-155.92,-4.4321
1262.7,-156.02,-3.7883
1262.9,-156.19,-3.0504
1263.1,-156.37,-2.329
1263.3,-156.49,-1.7405
1263.5,-156.67,-1.0155
1263.7,-156.84,-0.32925
1263.9,-156.92,0.28876
1264.1,-157.19,1.0046
1264.3,-157.36,1.6392
1264.5,-157.5,2.3679
1264.7,-153,3.8105
1265.1,-157.91,4.3658
1265.3,-158.08,4.8768
1265.5,-158.18,5.5779
1265.7,-158.4,6.314
1265.9,-158.39,6.8268
1266.1,-158.54,7.5795
1266.3,-158.7,8.2012
1266.5,-158.1,9.2583
1266.7,-158.22,9.928
1266.9,-158.31,10.561
1267.1,-158.4,11.258
1267.3,-158.44,11.823
1267.5,-158.46,12.474
1267.7,-158.62,13.169
1267.9,-158.55,13.726
1268.1,-158.59,14.411
1268.3,-158.77,15.088
1268.5,-158.76,15.634
1268.7,-158.89,16.27
1268.9,-159.01,16.885
1269.1,-159.03,17.551
1269.3,-156.11,18.549
1275.3,-160.63,40.434
1275.5,-160.67,41.198
1275.7,-160.48,41.912
1275.9,-160.63,42.779
1276.1,-160.66,43.52
1276.3,-160.63,44.356
1276.5,-160.7,45.269
1276.7,-160.67,46.066
1276.9,-160.73,46.967
1277.1,-160.69,47.743
1277.3,-160.64,48.596
1277.5,-160.76,49.483
1277.7,-160.59,50.287
1277.9,-160.7,51.167
1278.1,-160.78,52.038
1278.3,-160.71,52.792
1278.5,-160.9,53.685
1278.7,-160.92,54.457
1278.9,-160.93,55.335
1279.1,-161.04,56.196
1279.3,-161.08,56.956
1279.5,-161.19,57.851
1279.7,-161.06,58.63
1279.9,-161.25,59.456
1285.1,-162.83,78.674
1285.3,-162.53,79.644
1285.5,-162.14,80.41
1285.7,-162.12,81.291
1285.9,-161.79,82.07
1286.1,-161.57,82.968
1286.3,-161.44,83.813
1286.5,-161.04,84.551
1286.7,-161.06,85.391
1286.9,-160.69,86.162
1287.1,-160.39,86.981
1287.3,-160.25,87.796
1287.5,-159.73,88.578
1287.7,-159.63,89.451
1287.9,-159.39,90.204
1288.1,-158.88,90.977
1288.3,-158.8,91.811
1288.5,-158.5,92.524
1288.7,-158.18,93.268
1288.9,-158.02,94.045
1289.1,-157.65,94.771
1289.3,-157.67,95.62
1289.5,-157.32,96.288
1289.7,-157.08,97.098
1289.9,-157.07,97.852
1290.1,-156.77,98.618
1290.3,-156.85,99.428
1290.5,-156.76,100.09
1293.1,-157.51,108.58
1293.3,-157.12,108.86
1293.5,-157.38,109.25
1293.7,-157.22,109.56
1293.9,-157.34,110.02
1294.1,-157.27,110.46
1294.3,-157.08,110.76
1294.5,-157.26,111.31
1294.7,-157.01,111.73
1294.9,-157.11,112.26
1295.1,-157.28,112.75
1295.3,-157.1,113.13
1295.5,-157.28,113.68
1295.7,-157.25,114.1
1295.9,-157.18,114.6
1296.1,-157.37,115.14
1296.3,-157.35,115.68
1296.5,-157.5,116.23
1296.7,-157.45,116.66
1296.9,-157.35,117.09
1297.1,-157.5,117.66
1297.3,-157.32,118.08
1297.5,-157.26,118.53
1297.7,-157.29,118.96
1297.9,-157.1,119.35
1298.1,-157.19,119.88
1298.3,-157.26,120.32
1298.5,-157.31,120.83
1298.7,-157.34,121.29
1298.9,-157.22,121.69
1299.1,-157.5,122.26
1299.3,-157.43,122.72
1299.5,-157.39,123.14
1299.7,-157.67,123.75
1299.9,-157.47,124.18
1300.1,-157.75,124.72
1300.3,-157.8,125.18
1300.5,-157.62,125.69
1300.7,-157.75,126.22
1300.9,-157.65,126.8
1301.1,-157.65,127.31
1301.3,-157.67,127.91
1301.5,-157.49,128.36
1301.7,-157.69,128.97
1301.9,-157.42,129.53
1302.1,-157.31,130.06
1302.3,-157.43,130.7
1302.5,-157.11,131.25
1302.7,-157.12,131.81
1302.9,-157.14,132.42
1303.1,-156.83,132.99
1303.3,-156.84,133.58
1303.5,-156.64,134.22
1303.7,-156.66,134.86
1303.9,-156.44,135.39
1304.1,-156.09,135.93
1304.3,-156.21,136.59
1304.5,-155.78,137.17
1304.7,-155.55,137.79
1304.9,-155.57,138.46
1305.1,-155.07,139.08
1305.3,-154.96,139.73
1305.5,-154.77,140.34
1305.7,-154.22,141
1305.9,-154.74,141.61
1306.1,-154.41,142.18
1306.3,-154.09,142.83
1306.5,-153.81,143.42
1306.7,-153.35,143.97
1306.9,-153.08,144.71
1307.1,-152.75,145.24
1307.3,-152.5,145.95
1307.5,-152.28,146.62
1307.7,-151.9,147.24
1307.9,-151.75,147.94
1308.1,-151.54,148.51
1308.3,-151.23,149.2
1308.5,-151.08,149.89
1308.7,-150.88,150.48
1308.9,-150.66,151.18
1309.1,-150.45,151.79
1309.3,-150.26,152.35
1309.5,-150.16,153.12
1309.7,-149.92,153.69
1309.9,-149.82,154.43
1310.1,-149.72,155.05
1310.3,-149.5,155.65
1310.5,-149.44,156.35
1310.7,-149.36,156.96
1310.9,-149.14,157.59
1311.1,-149.17,158.33
1311.3,-148.93,158.9
1311.5,-149.03,159.65
1311.7,-148.82,160.22
1311.9,-148.7,160.9
1312.1,-148.81,161.63
1312.3,-148.53,162.22
1312.5,-148.63,162.88
1312.7,-148.74,163.65
1312.9,-148.52,164.25
1313.1,-148.55,164.93
1313.3,-148.46,165.47
1313.5,-148.48,166.16
1313.7,-148.41,166.78
1313.9,-148.28,167.3
1314.1,-148.35,167.93
1314.3,-148.04,168.39
1314.5,-147.93,168.93
1314.7,-148.02,169.52
1314.9,-147.7,169.93
1315.1,-147.74,170.46
1315.3,-147.55,170.88
1315.5,-147.33,171.36
1315.7,-147.32,171.84
1315.9,-147.12,172.24
1316.1,-147.09,172.65
1316.3,-146.8,173.04
1316.5,-146.46,173.41
1316.7,-146.51,173.86
1316.9,-146.03,174.14
1317.1,-145.96,174.52
1317.3,-145.77,174.85
1317.5,-145.31,175.14
1317.7,-145.19,175.44
1317.9,-144.97,175.65
1318.1,-144.69,175.87
1318.3,-144.59,176.07
1318.5,-144.44,176.18
1320.5,-154.12,169.69
1330.3,-139.38,165.08
1332.5,-131.93,169.15
1332.7,-132.17,168.69
1332.9,-132.36,168.41
1333.1,-132.6,168.14
1333.3,-132.84,167.82
1333.5,-133.07,167.53
1333.7,-133.37,167.29
1333.9,-133.65,167.01
1334.1,-133.87,166.79
1334.3,-134.21,166.61
1334.5,-134.36,166.39
1334.7,-134.56,166.16
1334.9,-134.83,166.02
1335.1,-134.99,165.79
1335.3,-135.18,165.61
1335.5,-135.33,165.48
1335.7,-135.51,165.35
1335.9,-135.65,165.21
1336.1,-135.68,165.06
1336.3,-135.88,164.94
1336.5,-135.95,164.71
1336.7,-135.96,164.62
1336.9,-136.17,164.51
1337.1,-136.2,164.38
1337.3,-136.22,164.22
1337.5,-136.35,164.05
1337.7,-136.38,163.94
1337.9,-136.48,163.76
1338.1,-136.56,163.62
1338.3,-136.66,163.48
1338.5,-136.77,163.27
1338.8,-136.8,163.07
1339,-137.04,162.92
1339.2,-137.12,162.64
1339.4,-137.17,162.42
1339.6,-137.42,162.19
1339.8,-137.51,161.89
1340,-137.6,161.57
1340.2,-137.84,161.26
1340.4,-137.95,160.97
1340.6,-138.11,160.6
1340.8,-138.26,160.28
1341,-138.47,159.95
1341.2,-138.63,159.5
1341.4,-138.69,159.17
1341.6,-138.92,158.85
1341.8,-139.13,158.47
1342,-139.26,158.15
1342.2,-139.46,157.76
1342.4,-139.65,157.46
1342.6,-139.81,157.14
1342.8,-140,156.79
1343,-140.25,156.54
1343.2,-140.46,156.19
1343.4,-140.66,155.9
1343.6,-140.93,155.6
1343.8,-141.19,155.23
1344,-141.37,154.99
1344.2,-141.67,154.71
1344.4,-141.97,154.34
1344.6,-142.13,154.03
1344.8,-142.37,153.64
1345,-142.56,153.28
1345.2,-142.75,152.89
1345.4,-142.9,152.49
1345.6,-143.08,152.15
1345.8,-143.21,151.65
1346,-143.3,151.21
1346.2,-143.47,150.88
1346.4,-143.65,150.37
1346.6,-143.69,149.91
1346.8,-143.88,149.49
1347,-144.03,148.98
1347.2,-144.05,148.53
1347.4,-144.19,148.1
1347.6,-144.33,147.61
1347.8,-144.44,147.1
1348,-144.51,146.63
1348.2,-144.61,146.18
1348.4,-144.71,145.65
1348.6,-144.72,145.18
1348.8,-144.86,144.73
1349,-144.24,143.51
1349.2,-144.41,143.19
1349.4,-144.6,142.81
1349.6,-144.69,142.34
1349.8,-144.87,141.96
1350,-145.06,141.56
1350.2,-145.25,141.18
1350.4,-145.47,140.72
1350.6,-145.64,140.3
1350.8,-145.98,139.94
1351,-146.2,139.42
1351.2,-146.44,138.92
1351.4,-146.83,138.62
1351.6,-147.05,138.08
1351.8,-147.38,137.74
1352,-147.82,137.41
1352.2,-148.1,136.94
1352.4,-148.57,136.61
1352.6,-148.95,136.28
1352.8,-149.33,135.99
1353,-149.83,135.65
1353.2,-150.16,135.35
1353.4,-150.67,135.09
1353.6,-151.09,134.65
1353.8,-151.45,134.41
1354,-151.92,134.19
1354.2,-152.24,133.85
1354.4,-152.64,133.54
1354.6,-153.03,133.21
1354.8,-153.27,132.87
1355,-153.66,132.5
1355.2,-153.96,132.16
1355.4,-154.3,131.94
1355.6,-154.63,131.44
1355.8,-154.81,131.06
1356,-155.21,130.79
1356.2,-155.44,130.23
1356.4,-155.63,129.89
1356.6,-155.94,129.54
1356.8,-156.12,129
1357,-156.33,128.55
1357.2,-156.5,128.07
1357.4,-156.6,127.65
1357.6,-156.87,127.13
1357.8,-156.95,126.64
1358,-157.09,126.14
1358.2,-157.23,125.46
1358.4,-157.26,125.01
1358.6,-157.39,124.58
1358.8,-157.41,123.94
1359,-157.43,123.53
1359.2,-157.47,123.01
1359.4,-157.39,122.39
1359.6,-157.37,121.92
1359.8,-157.34,121.35
1360,-157.25,120.83
1360.2,-157.19,120.19
1360.4,-157.08,119.63
1360.6,-157.09,119.12
1360.8,-156.82,118.45
1361,-156.81,117.86
1361.2,-156.87,117.36
1361.4,-156.55,116.61
1361.6,-156.64,116.02
1361.8,-156.65,115.33
1362,-156.29,114.55
1362.2,-156.32,113.9
1362.4,-156.28,113.21
1362.6,-156.34,112.55
1362.8,-156.15,111.82
1363,-156.05,111.08
1363.2,-156.24,110.46
1363.4,-156.07,109.6
1363.6,-156.14,108.92
1363.8,-156.25,108.31
1364,-156.01,107.52
1364.2,-156.17,106.83
1364.4,-156.18,106.16
1364.6,-156.1,105.47
1364.8,-156.26,104.82
1371.8,-155.97,84.018
1372,-156.21,83.52
1372.2,-155.99,82.92
1372.4,-156.19,82.398
1372.6,-156.19,81.718
1373,-156.93,80.734
1373.2,-156.87,80.221
1373.4,-156.91,79.705
1373.6,-157.18,79.301
1373.8,-156.92,78.733
1374,-157.06,78.408
1382.8,-156.23,55.412
1383,-156.1,54.718
1383.2,-156.2,54.091
1383.4,-156.67,53.704
1383.6,-156.62,53.019
1383.8,-156.98,52.549
1384,-157.16,52.021
1384.2,-157.07,51.378
1384.4,-157.34,50.865
1384.6,-157.49,50.391
1384.8,-157.79,49.911
1385,-157.86,49.319
1385.2,-157.9,48.769
1385.4,-158.35,48.346
1385.6,-158.29,47.73
1385.8,-158.49,47.238
1386,-158.98,46.802
1386.2,-158.88,46.158
1386.4,-159.18,45.583
1386.6,-159.42,45.076
1386.8,-159.46,44.445
1387,-159.74,43.932
1387.2,-159.86,43.4
1387.4,-160.12,42.877
1387.6,-160.2,42.255
1387.8,-160.16,41.77
1388,-160.52,41.288
1388.2,-160.3,40.718
1388.4,-160.53,40.218
1388.6,-160.77,39.762
1388.8,-160.55,39.192
1389,-160.75,38.692
1389.2,-160.83,38.193
1389.4,-160.74,37.75
1389.6,-160.95,37.231
1389.8,-160.94,36.774
1390,-161.2,36.331
1390.2,-161.15,35.765
1390.4,-161.04,35.289
1390.6,-161.28,34.931
1390.8,-160.9,34.285
1391,-161.01,33.87
1391.2,-161.2,33.389
1391.4,-160.94,32.813
1391.6,-161.04,32.403
1391.8,-161.03,31.9
1392,-160.96,31.393
1392.2,-161.13,30.963
1392.4,-161.19,30.492
1392.6,-161.32,30.062
1392.8,-161.19,29.444
1393,-161.18,29.003
1393.2,-161.48,28.775
1393.4,-161.33,28.328
1393.6,-161.48,28.07
1393.8,-161.62,27.86
1394,-161.41,27.576
1394.2,-161.57,27.448
1394.4,-161.56,27.328
1394.6,-161.61,27.19
1394.8,-161.65,27.103
1395,-161.63,27.017
1395.2,-161.78,26.978
1395.4,-161.59,26.819
1395.6,-161.61,26.817
1395.8,-161.84,26.827
1396,-161.62,26.64
1396.2,-161.78,26.578
1396.4,-161.85,26.574
1396.6,-161.69,26.408
1396.8,-161.83,26.386
1397,-161.78,26.279
1397.2,-161.91,26.194
1397.4,-161.82,26.054
1397.6,-161.73,25.913
1397.8,-161.97,25.836
1398,-161.75,25.639
1398.2,-161.76,25.461
1398.4,-162.02,25.354
1398.6,-161.76,25.059
1398.8,-161.9,24.866
1399,-161.88,24.62
1399.2,-161.8,24.319
1399.4,-161.92,24.08
1399.6,-161.84,23.814
1399.8,-161.83,23.447
1400,-161.78,23.146
1400.2,-161.77,22.809
1400.4,-161.88,22.465
1400.6,-161.55,22.021
1400.8,-161.69,21.672
1401,-161.72,21.344
1401.2,-161.37,20.818
1401.4,-161.48,20.414
1401.6,-161.25,19.877
1401.8,-161.02,19.421
1402,-161.08,18.979
1402.2,-160.86,18.501
1402.4,-160.74,17.96
1402.6,-160.4,17.337
1402.8,-160.22,16.839
1403,-160.32,16.372
1403.2,-159.78,15.699
1403.4,-159.8,15.154
1403.6,-159.7,14.516
1403.8,-159.36,13.898
1404,-159.39,13.354
1404.2,-159.22,12.701
1404.4,-159.11,12.092
1404.6,-159.04,11.384
1404.8,-158.85,10.76
1405,-158.84,10.148
1405.2,-158.5,9.3358
1405.4,-158.34,8.7639
1405.6,-158.46,8.1053
1405.8,-158.04,7.3471
1406,-158.01,6.7014
1406.2,-157.87,6.0594
1406.4,-157.55,5.3842
1406.6,-157.56,4.816
1406.8,-157.42,4.174
1407,-157.26,3.5615
1407.2,-157.17,2.9398
1407.4,-156.99,2.3513
1407.6,-156.91,1.7757
1407.8,-156.48,1.0064
1408,-156.38,0.4548
1408.2,-156.38,-0.13001
1408.4,-155.89,-0.85687
1408.6,-155.82,-1.3808
1408.8,-155.62,-2.0966
1409,-154.93,-2.5652
1409.2,-155.12,-3.2182
1409.4,-154.8,-3.8787
1409.6,-154.52,-4.4155
1409.8,-154.32,-5.1055
1410,-153.99,-5.6903
1410.2,-153.84,-6.1829
1410.4,-153.53,-6.9153
1410.6,-153.28,-7.4613
1410.8,-153.11,-8.1033
1411,-152.84,-8.773
1411.2,-152.63,-9.3099
1411.4,-152.42,-9.9703
1411.6,-152.16,-10.55
1411.8,-151.99,-11.147
1412,-151.7,-11.765
1412.2,-151.45,-12.298
1412.4,-151.25,-13.062
1412.6,-151.59,-12.902
1412.8,-151.33,-13.542
1413,-151.18,-14.119
1413.2,-150.93,-14.702
1413.4,-150.87,-15.92
1413.6,-150.67,-16.501
1413.8,-150.43,-17.086
1414,-150.27,-17.754
1414.2,-146.36,-18.342
1414.4,-146.12,-18.966
1414.6,-145.87,-19.591
1414.8,-145.7,-20.1
1415,-145.23,-20.779
1415.2,-144.94,-21.351
1415.4,-144.94,-21.884
1415.6,-144.31,-22.515
1415.8,-144.13,-23.046
1416,-143.78,-23.583
1416.2,-143.53,-24.096
1416.4,-143.13,-24.591
1416.6,-142.78,-25.135
1416.8,-142.56,-25.57
1417,-142.11,-26.039
1417.2,-144.19,-25.91
1417.4,-143.76,-26.472
1417.6,-143.41,-27.037
1417.8,-143.22,-27.463
1418,-142.89,-27.952
1418.2,-142.52,-28.398
1418.4,-142.05,-28.887
1418.6,-141.7,-29.38
1418.8,-141.38,-29.826
1419,-141.01,-30.304
1419.2,-140.59,-30.776
1419.4,-140.33,-31.273
1419.6,-139.99,-31.771
1419.8,-139.55,-32.245
1420,-139.34,-32.654
1420.2,-138.82,-33.224
1420.4,-138.62,-33.759
1420.6,-138.42,-34.259
1420.8,-137.88,-34.815
1421,-137.87,-35.165
1421.2,-137.5,-35.733
1421.4,-137.3,-36.237
1421.6,-137.1,-36.731
1421.8,-136.86,-37.237
1422,-137.93,-38.126
1422.2,-138.03,-38.866
1422.4,-137.92,-39.379
1422.6,-137.78,-39.749
1422.8,-137.49,-40.305
1423,-137.31,-40.642
1423.2,-137.1,-41.08
1423.4,-136.81,-41.522
1423.6,-136.64,-41.941
1423.8,-136.36,-42.408
1424,-136.06,-42.786
1424.2,-135.87,-43.188
1424.4,-135.55,-43.6
1424.6,-135.25,-43.891
1424.8,-135.08,-44.273
1425,-134.84,-44.467
1425.2,-134.71,-44.605
1425.4,-134.54,-44.909
1425.6,-134.52,-44.945
1425.8,-134.45,-45.035
1426,-134.39,-45.066
1426.2,-134.48,-45.05
1426.4,-134.43,-45.072
1426.6,-134.36,-44.959
1426.8,-134.4,-45.028
1427,-134.29,-45.037
1427.2,-134.28,-44.957
1427.4,-134.32,-45.026
1427.6,-134.24,-44.922
1427.8,-134.23,-44.921
1428,-134.2,-44.976
1428.2,-134.26,-44.847
1428.4,-134.24,-44.871
1428.6,-134.16,-44.884
1428.8,-134.18,-44.838
1429,-134.18,-44.88
1429.2,-134.14,-44.828
1429.4,-134.15,-44.83
1429.6,-134.11,-44.874
1429.8,-134.13,-44.778
1430,-134.08,-44.85
1430.2,-134.11,-44.758
1430.4,-134.11,-44.823
1430.6,-134.06,-44.841
1430.8,-134.1,-44.753
1431,-134.08,-44.845
1431.2,-133.99,-44.795
1431.4,-134.04,-44.766
1431.6,-134.04,-44.819
1431.8,-133.99,-44.725
1432,-133.98,-44.793
1432.2,-133.95,-44.795
1432.4,-133.99,-44.714
1432.6,-133.96,-44.788
1432.8,-133.94,-44.729
1433,-133.95,-44.756
1433.2,-133.85,-44.78
1433.5,-133.93,-44.714
1433.7,-133.87,-44.882
1433.8,-133.75,-44.9
1434,-133.42,-45.109
1434.2,-133.44,-45.242
1434.5,-133.38,-45.256
1434.7,-133.32,-45.478
1434.9,-133.26,-45.614
1435.1,-133.26,-45.73
1435.3,-133.12,-46.035
1435.5,-133.07,-46.217
1435.7,-132.99,-46.457
1435.9,-132.8,-46.734
1436.1,-132.8,-47.007
1436.3,-132.65,-47.334
1436.5,-132.5,-47.581
1436.7,-132.39,-47.976
1436.9,-132.28,-48.346
1437.1,-132.16,-48.688
1437.3,-131.99,-49.173
1437.5,-131.85,-49.601
1437.7,-131.76,-49.983
1437.9,-131.56,-50.473
1438.1,-131.42,-50.929
1438.3,-131.24,-51.453
1438.5,-131,-51.942
1438.7,-130.86,-52.477
1438.9,-130.69,-52.982
1439.1,-130.45,-53.374
1439.3,-130.24,-54.027
1439.5,-129.95,-54.582
1439.7,-129.93,-55.185
1439.9,-129.76,-55.894
1440.1,-129.73,-56.393
1498.3,-2.4168,9.1236
1498.5,-2.9025,8.5388
1498.7,-3.0289,7.8525
1498.9,-3.1122,7.3581
1499.1,-3.4729,6.849
1499.3,-3.3943,6.218
1499.5,-3.5639,5.7089
1499.7,-3.6117,5.1111
1499.9,-3.6503,4.602
1500.1,-3.6564,3.9729
1500.3,-3.6657,3.4545
1500.5,-3.6888,2.8752
1500.7,-3.53,2.1926
1500.9,-3.3619,1.6133
1501.1,-3.5562,1.0027
1501.3,-3.3558,0.28692
1501.5,-5.7887,-0.62258
1501.7,-5.6731,-1.2701
1501.9,-5.3986,-1.9287
1502.1,-5.3231,-2.5652
1502.3,-5.3015,-3.1906
1502.5,-5.0718,-3.8584
1502.7,-4.9654,-4.5668
1502.9,-4.839,-5.1867
1503.1,-4.731,-5.8065
1503.3,-4.5691,-6.5574
1503.5,-4.4844,-7.1164
1503.7,-3.9,-8.9852
1506.9,-4.7495,-17.722
1507.1,-4.913,-18.582
1507.3,-5.081,-19.27
1507.5,-5.5081,-19.879
1507.7,-5.7563,-20.159
1507.9,-6.1587,-20.862
1508.1,-6.4794,-21.425
1508.3,-6.8448,-21.633
1508.5,-7.3351,-22.449
1508.7,-7.6234,-22.698
1508.9,-8.0798,-22.893
1509.1,-8.4914,-23.362
1509.3,-8.8414,-23.703
1509.5,-9.4072,-24.127
1525.9,-62.105,-40.137
1526.1,-62.856,-40.639
1526.3,-63.392,-40.495
1526.5,-64.105,-40.58
1526.7,-64.775,-40.827
1526.9,-65.318,-40.978
1527.1,-65.828,-41.17
1527.3,-66.109,-41.091
1527.5,-66.589,-41.484
1527.7,-66.84,-41.513
1527.9,-67.034,-41.271
1528.1,-67.534,-41.908
1528.3,-67.595,-41.76
1528.5,-67.679,-41.532
1528.8,-67.879,-41.749
1529,-67.754,-41.816
1529.2,-67.79,-41.842
1529.3,-67.768,-41.76
1529.6,-68.813,-43.244
1529.8,-68.716,-43.266
1530,-68.739,-43.155
1530.2,-68.77,-43.34
1530.4,-68.693,-43.292
1530.6,-68.77,-43.209
1530.8,-68.75,-43.4
1531,-68.69,-43.321
1531.2,-68.782,-43.275
1531.4,-68.707,-43.349
1531.6,-68.668,-43.286
1531.8,-68.671,-43.28
1532,-68.664,-43.207
1532.2,-68.708,-43.194
1532.4,-68.61,-43.255
1532.6,-68.608,-43.159
1532.8,-68.608,-43.275
1533,-68.542,-43.205
1533.2,-68.584,-43.12
1533.4,-68.594,-43.233
1533.6,-68.556,-43.199
1533.8,-68.588,-43.229
1534,-68.576,-43.192
1534.2,-68.567,-43.19
1534.4,-68.55,-43.255
1534.6,-68.551,-43.129
1534.8,-68.587,-43.197
1535,-68.536,-43.212
1535.2,-68.562,-43.105
1535.4,-68.543,-43.238
1535.6,-68.483,-43.214
1535.8,-68.554,-43.124
1536,-68.511,-43.256
1536.2,-68.493,-43.186
1536.4,-68.527,-43.159
1536.6,-68.483,-43.175
1536.8,-68.465,-43.196
1537,-68.409,-43.269
1537.2,-68.511,-43.111
1537.4,-68.473,-43.17
1537.6,-68.338,-43.279
1537.8,-68.44,-43.096
1538,-68.403,-43.196
1538.2,-68.345,-43.175
1538.4,-68.408,-43.089
1538.6,-68.329,-43.129
1538.8,-68.348,-43.092
1539,-68.345,-43.098
1539.2,-68.297,-43.031
1539.4,-68.363,-43.041
1539.6,-68.254,-43.149
1539.8,-68.305,-42.928
1540,-68.314,-42.983
1540.2,-68.172,-43.033
1540.4,-68.243,-42.904
1540.6,-68.238,-43.004
1540.8,-68.186,-42.989
1541,-68.251,-42.854
1541.2,-68.201,-42.943
1541.4,-68.254,-42.917
1541.6,-68.184,-42.983
1541.8,-68.218,-42.902
1542,-68.244,-42.915
1542.2,-68.187,-42.941
1542.4,-68.167,-42.751
1542.6,-68.17,-42.805
1542.8,-68.147,-42.897
1543,-68.215,-42.782
1543.2,-68.14,-42.871
1543.4,-68.166,-42.875
1543.6,-68.198,-42.819
1543.8,-68.12,-42.83
1544,-68.181,-42.913
1544.2,-68.17,-42.926
1544.4,-68.163,-42.862
1544.6,-68.181,-42.908
1544.8,-68.146,-42.995
1545,-68.224,-42.864
1545.2,-68.155,-42.982
1545.4,-68.096,-42.971
1545.6,-68.249,-42.91
1545.8,-68.166,-43.006
1546,-68.167,-43
1546.2,-68.311,-42.991
1546.4,-68.277,-43.019
1546.6,-68.385,-43.118
1546.8,-68.409,-43.199
1547,-68.513,-43.019
1547.2,-68.602,-43.157
1547.4,-68.659,-43.231
1547.6,-68.792,-43.124
1547.8,-68.856,-43.245
1548,-68.883,-43.332
1548.2,-69.143,-43.255
1548.4,-69.205,-43.367
1548.6,-69.307,-43.391
1548.8,-69.527,-43.371
1549,-69.536,-43.447
1549.2,-69.617,-43.458
1549.4,-69.563,-43.541
1549.6,-69.606,-43.349
1549.8,-69.584,-43.424
1550,-69.515,-43.515
1550.2,-69.606,-43.336
1550.4,-69.527,-43.445
1550.6,-69.493,-43.391
1550.8,-69.598,-43.376
1551,-69.563,-43.439
1551.2,-69.544,-43.417
1551.4,-69.635,-43.55
1551.6,-69.697,-43.478
1551.8,-69.819,-43.601
1552,-69.991,-43.758
1552.2,-70.236,-43.718
1552.4,-70.517,-43.865
1552.6,-70.699,-44.136
1552.8,-71.149,-44.234
1553,-71.451,-44.539
1553.2,-71.806,-44.797
1553.4,-72.386,-44.987
1553.6,-71.693,-47.311
1557.2,-84.962,-53.03
1560.8,-85.987,-53.169
1561,-86.073,-53.154
1561.2,-86.052,-53.248
1561.4,-86.134,-53.093
1561.6,-86.118,-53.064
1561.8,-86.077,-53.06
1562,-86.109,-52.949
1562.2,-86.072,-52.975
1562.4,-85.967,-53.023
1562.6,-85.999,-53.001
1562.8,-86.03,-52.993
1563,-85.993,-52.979
1563.2,-86.052,-53.056
1563.4,-86.095,-52.969
1563.6,-86.043,-52.944
1563.8,-86.036,-53.038
1564,-86.098,-52.934
1564.2,-86.098,-52.929
1564.4,-86.07,-53.03
1564.6,-86.18,-52.866
1564.8,-86.158,-52.96
1565,-86.087,-53.021
1565.2,-86.214,-52.957
1565.4,-86.161,-53.023
1565.6,-86.135,-53.012
1565.8,-86.178,-53.089
1566,-86.178,-53.032
1566.2,-86.143,-53.084
1566.4,-86.118,-53.206
1566.6,-86.547,-52.403
1566.8,-86.568,-52.388
1567,-86.499,-52.412
1567.2,-86.521,-52.403
1567.4,-86.494,-52.462
1567.6,-86.43,-52.468
1567.8,-86.514,-52.492
1568,-86.451,-52.51
1568.2,-86.376,-52.521
1568.4,-86.402,-52.601
1568.6,-86.311,-52.589
1568.8,-86.272,-52.637
1569,-86.265,-52.658
1569.2,-86.24,-52.634
1569.4,-86.242,-52.713
1569.6,-86.124,-52.72
1569.8,-86.197,-52.752
1570,-86.186,-52.813
1570.2,-86.078,-52.829
